5390
1473718
1391382
741661
674357
1477485
1178451
1224325
1047828
770210
911486
822460
1581362
1216754
1076488
360201
266735
425976
412241
417443
441952
445491
478584
401484
24073
294196
281132
107227
298738
406744
4642
552914
1031736
1571081
1214564
957317
233310
212614
219561
224577
330666
389578
468355
570352
803513
753236
829860
744055
928314
827429
763535
589607
479591
557615
571200
511532
479288
497236
495501
684644
642671
642284
542424
1392871
852809
841506
854168
858212
712885
832513
1062352
985361
865275
775726
599750
415366
694368
724069
1131178
898758
534182
732575
521868
383654
499170
500600
528672
635900
641180
1387906
1178504
1070334
1284987
745695
917615
825443
1112203
955452
831682
756523
647655
562362
599897
507186
1001027
507249
626855
465226
426986
529738
394563
313712
555874
613096
770223
722055
551128
654804
693550
665465
728815
444984
400687
1073153
488181
376525
518864
804247
1618965
774043
719881
764528
1387007
920725
524094
1565371
1282874
896133
793947
1191396
952019
1063488
1136865
1334245
1459938
724290
1445731
1130812
996827
860083
701302
599770
615089
643009
458756
243568
391458
364150
411704
559796
534263
591908
400446
616836
589690
1060852
1357022
754303
726793
1488801
892048
1042985
1360441
554859
444017
460344
485054
555297
923007
1106924
674654
589534
375172
809862
624985
508273
406972
322237
351243
397590
477357
612352
583511
765951
1011609
896633
590814
716301
827122
561423
494312
533835
501564
535020
397670
431786
441909
492518
558587
508258
443147
358686
371604
363220
447092
516977
373455
386705
385465
418361
362509
628914
499113
405530
489966
846368
810453
668445
654253
860675
807098
411755
612965
693860
596052
576497
644200
819343
814287
766408
1066252
608151
787592
743835
825394
488489
654974
496587
736174
612565
791629
644198
622213
928393
862443
961984
1612999
1177204
887285
889689
832178
942677
893155
1359848
1060660
900691
1576457
1176808
989888
1099725
883753
1473383
1078061
1202109
1181791
939434
683025
633286
796755
701585
719944
859877
725188
779105
817749
482047
880425
1317107
766814
701866
494506
1010461
744599
962483
778452
1595045
787202
730695
744807
536593
392938
376982
346394
478935
764142
753458
496857
541102
494407
321308
483528
605431
687796
562507
591558
602748
661492
522275
507019
725495
549022
483451
733330
706278
988102
698293
705947
700006
704842
572141
361778
453932
372732
236693
255976
307724
332657
435605
401403
338474
264121
289560
242344
223258
300423
223372
242821
239067
283406
310152
131366
160574
197188
232041
832821
1006226
1117901
997292
387304
431876
494188
588752
556082
799852
889515
447539
530946
478446
371708
349969
328204
543169
628268
388318
406815
381532
399512
504533
416071
478722
489266
500918
525724
522110
461121
454181
342539
340619
349309
395134
403387
425191
572779
551403
515359
565958
581298
563021
457768
454180
377944
588454
589368
676025
530470
556114
521534
520890
431363
541496
482999
662210
438829
330469
516660
572752
652169
450832
444769
426246
503899
458386
664708
491414
555156
487858
484950
461505
579797
914562
1025109
1022732
760034
871078
698571
364940
975551
838178
847974
930565
887487
840600
781432
827428
862169
793611
800901
718179
396190
478579
933476
872866
521812
469202
471621
499356
398505
613759
533921
966268
1072517
1194239
1232767
941340
943915
993226
749075
476314
532429
603372
678341
646210
572829
738225
698327
533604
474401
746773
649092
595010
427382
631511
745255
553061
455414
326237
439199
620870
791871
808523
677586
644374
679247
562768
482775
468185
509562
513892
512678
527860
543448
457548
481741
483578
489609
392637
336456
372374
411092
558040
463439
331106
401735
463317
432656
428813
426630
511146
483156
419315
505690
497400
375190
372671
524725
392779
381989
499098
392884
395391
407485
421482
402847
405877
422044
537097
543996
557969
580869
463813
418730
539975
594588
610459
724469
714490
464674
501646
464783
512704
444535
400502
383581
477072
491921
444146
433183
443326
470049
584415
746560
546720
532114
528246
506607
492497
476740
521102
264324
469895
482138
447985
480683
502987
634181
889309
916839
781596
504666
464478
501267
637954
610550
604619
522116
457640
429861
396991
396533
374236
454332
496940
436851
375479
358191
578839
749413
260897
422894
479484
440529
491971
519324
532089
446896
319547
344900
524779
512145
407953
378877
536776
542542
476587
418501
398888
516274
737596
825587
806855
881655
1027181
1236591
1355405
977507
1033658
922796
920756
861655
991266
1041342
1154555
968390
535502
509192
530881
539049
587504
812994
739496
781434
716347
698296
813906
911105
675994
755727
857191
778849
581463
650724
572756
664385
641962
647961
607979
650557
664809
568810
607210
543700
537290
471932
490528
662346
725335
581152
833741
607634
418187
361961
441192
426622
459476
587370
561190
532155
386270
344783
337183
351198
523182
644989
433787
792916
685560
609658
814751
823727
996999
967925
577392
336033
1288593
1400391
1137280
1037774
933084
1043726
1399609
846542
412844
380153
395300
418143
1322017
910544
767317
1337351
1143101
723246
953145
1501030
1279717
1054333
1188426
1151459
971664
976281
928242
927076
1031637
1092057
694743
1162586
782057
1175470
1411489
1235910
1095759
1059990
998546
1354223
1242858
1072395
1117113
814802
1098640
942869
1346588
1208331
1059848
1043245
1109020
1007123
718712
536023
466586
419364
468629
554407
468845
419899
538440
652919
593428
723304
961543
950310
618738
475973
591764
646390
616376
600406
590977
506180
582969
516930
500617
432615
650085
565372
465184
447325
493831
440962
431292
756912
671686
662501
787959
667020
677869
667049
597660
760827
716062
622446
488179
537586
629908
557593
592109
509350
709437
654043
464980
537563
756228
734402
668851
515751
645242
653206
581679
637204
669230
718057
978526
1010160
858448
457328
460068
410395
566396
548785
613054
622717
520341
584739
689992
525869
495482
634903
604919
761610
800752
686899
668570
785522
676884
712873
656220
506401
1423470
1202586
1071036
771155
756549
722203
713204
725431
800040
749025
641915
665094
593601
713967
640225
493892
480536
639448
506318
670291
614038
586391
596244
557380
660717
669937
706444
725263
749195
843124
801447
618350
714576
696698
667428
760867
638909
528820
540732
649523
638219
577587
507525
555221
495124
466423
604525
774252
766314
923897
923796
1116245
1046269
829637
548186
646345
755597
758152
581658
479209
369074
356680
488397
477428
581075
622960
524356
507228
573515
732423
683605
465696
457545
529997
489779
456332
457622
342768
341357
502040
529625
630477
574031
547460
487005
539765
622906
393482
401076
304102
297794
290525
333708
278676
397168
372607
470102
474916
555053
577965
617427
554819
494549
365313
340761
419329
436070
432719
569526
689477
403823
389671
388047
691056
668050
882417
1153401
1425629
911240
1028563
1377838
1133748
1184244
1122882
1051840
1112833
1099909
977149
1064612
1100345
949844
820915
1106007
1262892
1270097
1072454
1023317
1141055
1337594
1227943
1166599
1063731
983597
1004134
1057005
927695
1016227
1154377
1246719
1278157
1208781
957410
1134317
1381881
1183044
923081
1145472
1126923
1046248
1065582
928480
965489
1401623
1261266
1194720
1169984
1110288
1094995
1293004
960572
1139172
1052406
787636
1117358
1373115
1149119
1295156
919720
1286990
1062610
1059031
891941
991049
1013999
1115393
1075733
1023889
1256488
1227147
1193705
1116022
805430
659946
581261
1209715
1241304
1179800
1270689
1028326
1183927
1122119
703877
764125
697021
826044
1474807
1159417
1006991
1334566
866877
963127
884892
948324
842250
736934
651819
817882
1095336
602424
612074
563405
507520
497952
516082
478027
632227
1283484
1064753
1010404
1089210
879960
843167
659802
745572
978724
893213
590410
611773
473860
696417
721138
964899
790980
862456
1167806
1063105
1247056
1373174
885594
530743
806200
757867
651308
878352
1223612
1222051
812576
519086
405088
471528
436673
673434
629923
502310
726857
900850
710182
631405
676993
646962
555113
624559
625852
591854
576756
564425
741488
700301
759615
988574
1131561
592222
619122
613326
919931
1060980
1255927
1255242
1160172
1032441
948421
849893
1089345
1170268
773324
708674
827922
698972
547957
634491
584346
581940
547452
372321
613080
454550
404056
715808
910073
623808
363378
440892
524100
688671
647578
785778
737416
921933
843092
802179
1110361
819114
368051
699341
881024
926569
1051786
1141123
681471
746619
663253
416123
793702
979243
1308093
411171
429116
435932
323143
489975
747424
775051
528236
664102
1296827
880590
891873
1212689
1164820
1307617
1341736
1054566
1115487
1106391
989059
802474
1104330
1621557
1033418
1011949
840802
1219177
1362838
697297
1211333
1001982
694868
1033844
1005526
676303
884056
777319
834295
859326
934117
900986
896991
880927
621670
423164
543248
582484
848432
826172
741856
721257
768075
695027
617169
415124
397912
503599
668358
673575
516968
376444
277234
560073
719079
691265
805069
1513846
503179
763565
912402
895535
937190
665782
605619
841602
788330
504417
702749
847046
1114662
1165028
913300
1371521
819455
673854
1047840
1081390
1276072
840481
504773
864654
929012
522104
1283012
381104
491502
457508
454266
461939
726231
1334405
831139
719332
641173
558942
616220
604631
664350
583670
511380
438351
439416
394913
459577
454688
358143
372428
381357
475606
468985
327099
316973
319238
360910
317109
382441
361255
394302
364208
366499
302294
315866
414719
919007
627652
506115
441862
424814
513647
587272
1049833
671051
634135
914153
796273
604526
523531
654159
688183
613943
1084543
946792
765841
669881
667264
535362
614192
635608
725473
543504
736092
799117
577115
758184
672921
631489
675532
605118
793396
847292
772022
681180
264934
322507
580782
577024
410799
442620
423183
440400
338858
250908
334429
551413
631672
344862
319200
309715
304890
301857
339831
417904
455476
543887
531897
595759
745458
620625
454824
450053
407592
482778
374649
291606
571740
458239
474212
494705
466780
397795
356887
394012
358972
353978
334284
345514
373204
334305
380350
316381
300286
375648
511078
480461
334411
478513
449853
454245
513754
465480
429256
356989
375470
387407
364259
354709
432778
444460
345226
402155
470494
414908
631091
1119636
524719
454962
404249
323404
309616
281671
542464
351819
395493
330802
256932
233612
346362
378798
362180
349036
832081
748731
1465598
745722
350868
488542
471608
470533
1344254
869066
678880
665607
1129097
1242221
884360
1401121
1129101
1005834
1234553
1170996
1068974
1177095
598739
1257018
932162
989317
946404
1499022
543376
1277890
937184
660382
939663
728655
674942
586482
994145
981540
738716
882382
946823
780242
697859
683423
815246
743218
951037
418279
1043352
552930
743111
815572
585666
446027
727250
412129
345895
390740
409410
699379
841277
406835
504928
623098
1569501
982498
391779
413363
518093
557232
488830
536173
502618
551593
529692
636672
734828
635528
452754
337882
212550
326896
339451
565453
718037
862579
887243
551769
661939
738675
752369
593294
626739
635026
639432
549928
537296
487674
608057
812118
857922
930673
830651
723367
659434
666515
580622
686834
765581
751725
788026
749073
534956
414022
567359
764946
730831
621089
585630
448157
307945
487709
351948
378862
357938
300960
470482
512882
523329
477093
379525
394830
467074
334249
301370
276229
381685
339800
328286
331239
359321
451451
478300
447467
475169
949910
879267
487777
347996
329959
868229
889832
692904
561918
512202
455888
377300
369669
289372
394354
417287
305260
556810
719364
827600
695399
503735
322397
395764
380693
425511
362940
559227
407838
414416
345473
364030
311667
479152
657239
509355
483962
477221
594135
651583
644058
655229
631004
725995
638564
595435
642909
756491
564188
724685
789852
791871
629060
393071
552363
552551
720246
566506
780962
737838
724724
623471
595887
551449
784957
662874
256982
475113
530219
701230
626796
422527
481829
510071
624733
647598
596353
346461
488338
571091
483263
458676
390253
476141
381718
394458
547831
606817
428509
337768
406289
405345
607093
495500
457584
560457
419190
418802
510921
500723
463496
592344
492572
301730
315131
484070
779510
999689
937917
964033
974044
1079514
926597
866603
903201
748726
907301
946427
696815
572649
580083
570287
612278
915253
792934
836126
820942
809065
540909
662948
474495
715974
853639
916668
895608
637557
436344
830976
850666
944277
645255
683613
700928
845728
773052
786871
696142
529892
485700
536315
527460
515338
533597
735487
776801
698182
695062
453678
545081
823927
921634
914032
927617
951228
696860
490976
499312
440097
551880
857446
999947
636339
852421
1195601
1244619
651365
589956
600508
566882
431962
409531
499616
428760
592654
544450
535312
574276
567432
451986
695490
606262
408787
542916
710040
736929
569236
589518
493757
634801
915956
1029184
831935
965052
1143604
1348588
1344976
1088530
882878
781082
706253
866776
803132
809310
769118
740976
686532
587545
587831
608588
873722
752600
675956
551378
846702
697616
873169
492762
471918
540671
564225
567355
559893
515102
549554
502867
418341
696287
899986
933610
909088
619507
342201
334037
327663
356507
478292
579991
370167
380182
421991
284303
408094
759410
719492
558042
293503
775412
1176124
1175598
1080822
987895
1082070
800983
762550
919684
854805
611335
795558
704048
778437
779867
753469
704419
663942
658394
635614
608492
649838
694037
554885
455033
627103
688207
609872
839040
986111
964279
959910
961750
1052259
1058334
828095
822944
801975
862917
708552
982823
844586
822974
808541
770428
708281
548441
606763
703215
689830
782107
662356
771996
748698
472549
544730
446160
581883
656837
642114
659668
613190
642834
815038
658496
560553
544392
516428
455390
537350
548995
601307
551743
482903
457031
475456
628606
470960
511941
510411
506350
503399
430736
405278
362067
320488
349315
331692
615723
713952
757649
433913
360502
434808
281090
531299
615198
602709
371298
291363
391113
389483
449850
436696
382057
356374
341568
344084
432305
455628
430725
300446
323759
313854
447468
426733
418985
481289
558934
514346
435771
401328
353268
414812
429629
507758
438798
421927
349462
297989
431283
485682
476695
460320
385344
283224
280443
411161
524555
768024
733558
302452
305381
353219
337262
392258
876717
1293916
1095700
1004884
1078223
699791
561610
605106
506826
484182
555186
674181
510842
483120
495970
442939
351856
446969
526785
375844
341706
296373
260465
410017
483134
618527
485603
393867
364724
365449
925071
747616
867233
477544
347254
476476
467256
478994
880913
1220605
1451775
704869
552629
650776
709726
1055633
926243
578029
744835
654104
606907
554544
840063
757801
1247676
742669
867042
751734
683317
591588
629774
529375
1002845
1164765
934114
760826
591510
719218
632286
657217
675025
784447
883980
1375931
1164840
1045394
911713
794551
788465
673041
609312
573887
750781
615217
620611
740658
555373
637647
727532
624241
710522
971141
975097
1000057
915309
1039977
1004149
1027605
1018960
956211
1137357
1528905
1199412
1073867
947013
900578
765272
899004
1254489
1103050
1116602
1113907
1072432
697710
713803
720197
846943
688159
606666
634589
678526
617093
717154
647230
837544
608661
584153
658638
563180
640046
616230
504939
425619
540843
502789
441011
488486
587906
442560
668368
434808
467531
496842
524674
517887
545165
539971
665789
1466688
779452
1371191
1102781
1236504
997550
569482
889062
1408710
763837
550679
508119
474520
664878
857198
707952
745333
657430
694082
578905
606186
550861
663489
629678
694906
552044
574285
530258
620199
606287
770945
766896
693430
622433
681572
731669
1010536
568550
671849
957603
1322667
1005073
836891
899334
651567
891857
735218
583659
581133
509089
541067
1412977
1218386
1312130
1168741
979207
1180308
866957
781475
1318974
858720
1421443
764619
655753
1392076
1463249
965607
809385
816934
802410
923848
701186
1306619
1347514
938257
501244
799316
625739
598876
604422
876767
1229395
1379807
1012905
950370
1459917
1090199
992047
866924
1229874
896544
718350
772237
650809
730554
574188
511112
556075
572986
406620
446171
641138
803257
582334
540496
540649
508848
537551
570476
415176
406198
434652
706913
540031
509881
414505
504713
609733
649378
735441
447877
494018
636986
528162
340840
266966
521154
678685
804616
483616
671955
637148
685640
601023
508991
775832
1184797
1257726
777277
801465
647856
751438
631654
482869
893275
1311656
1297907
1180455
1154528
1147620
849927
821563
1067156
1556896
1124692
1148027
997466
687752
1241127
1090278
1500203
1074423
799405
835725
1224585
1027167
651931
914407
1213323
626685
406233
341407
316063
298144
314414
365232
543493
550302
967583
1095923
1271536
1089272
1527721
547132
1598700
1216753
799223
475990
426625
574330
993308
1169800
981160
817445
475770
740155
962418
911218
1048171
776972
802321
542064
677863
990557
1207226
1607629
1022955
782221
936059
1294826
1255757
968269
913479
1443139
1108928
1284901
912300
693831
1157206
1498127
1159674
765411
681098
882064
706825
675632
562023
542879
645227
865189
1279009
1192128
1149467
612628
977686
954392
1345042
933669
767801
784908
771725
972324
944607
921729
1050127
1205141
996779
650082
1622498
985512
623567
657099
787847
816092
604707
565919
548577
490081
411715
1259133
1272011
745408
1279056
1012396
786833
755562
674916
354045
1110377
1122779
661056
764404
889632
656965
685138
693146
862321
1018303
1249151
667393
936570
1173459
1144139
1171951
1102963
1308938
896625
980939
1366690
1025950
1436871
977988
1311125
1090071
910829
693253
466546
1117007
1389787
1175192
1087982
1092279
714728
921473
1057355
856865
1089938
1311560
1322521
1000209
928698
955818
1208577
1145387
960330
1016406
1022328
881471
892731
543003
634857
867023
1279299
822461
544636
696926
416039
768178
1045777
1026033
1024231
772246
485171
933427
1500032
1315633
878258
875656
424509
414111
343706
353756
312799
271870
458916
1410516
1154685
1127075
1133076
1011533
1090048
1132007
1180076
1152754
1271694
978249
844267
1094667
1427588
1161304
636730
631134
751926
1113801
776660
454008
303212
346131
675929
537922
590006
586254
849623
764846
586326
673604
625120
747014
941976
895495
977420
987787
886279
641816
647774
440344
539515
507682
475848
507237
487560
435376
637472
440366
420497
403426
480969
435215
431840
384947
446584
424359
695423
483678
656319
635107
444114
569241
541039
483950
477141
542300
664796
733372
984555
892967
673986
903934
825423
872738
1320321
1327005
856366
668573
611716
719813
726147
586654
750529
578318
765162
904014
588095
690665
867456
549760
680009
517036
484800
748453
752735
1301484
1116125
1406551
1075520
1079011
929328
1122485
1014540
1088299
1335338
1348906
1160187
465827
484799
373039
257763
220200
214030
290442
446114
452378
464006
477289
203900
282301
1151207
880724
698689
211621
532687
854521
492831
896782
1048058
1322808
1220700
1022554
903451
951940
1172816
1247014
1225791
982182
1002891
977754
958452
1099902
1063585
1108560
779272
860161
1505728
1155574
1217091
1112794
703874
882401
926860
1253953
1504950
1067725
1203631
979306
791137
671934
989899
1204089
1449135
1126805
520705
278860
214387
404640
375806
348779
474972
357036
316014
291849
212012
215781
215782
304696
295358
241529
220366
396869
369026
212362
206306
371652
375228
381115
504708
524068
678158
387196
361404
503437
636194
577873
434561
484475
757549
719446
628668
401455
428121
649875
801115
809467
812278
632077
499523
422135
455384
252577
231295
353824
357732
268173
235929
301173
298162
306574
392913
378097
387337
658483
930661
927247
880322
515891
435877
496203
451115
457993
462922
458627
459208
481255
454796
438303
444529
396801
363645
404292
396676
381891
363017
315923
320103
375562
375868
340619
315314
307839
475371
297527
751160
857191
832941
865397
767888
737068
1319504
1263582
1136392
1235733
733369
1163313
911952
628132
669748
908612
797163
667600
732673
1000451
949244
855256
640810
490823
708228
690748
611617
552755
589730
815888
623278
524205
1222046
1227234
1113856
904029
842618
757566
778145
767436
775531
599657
722220
512287
548243
505446
514371
496724
893066
826562
698034
1097978
624340
1479368
948630
1124452
1117206
919349
708694
427725
358991
303532
344291
375920
363312
372533
344941
352766
344750
354257
470645
330623
342893
375948
382422
312551
359641
363198
419937
467911
423062
383138
307014
331228
495562
407894
346326
316093
336161
358299
380950
307192
338559
330656
449449
536706
419203
376340
415937
451429
424387
357898
305780
311197
312840
336074
282468
441426
425879
350980
354536
326173
329616
352462
297561
323738
355631
332912
422507
473081
467904
483551
448847
442474
338493
375653
360248
424504
514054
376039
354672
386147
409960
388881
293297
303681
297339
291340
289877
292930
287806
268289
266246
224093
510880
554360
529575
538760
598448
571142
458575
302075
309301
288524
308398
229666
270242
255162
394810
363641
301076
297796
338502
297200
360353
350409
327380
382078
483447
457000
517188
487924
346852
428248
375577
311824
621986
1370411
1058859
859219
1354868
806830
578518
414707
496500
692924
401281
401552
515000
597659
612195
831152
596086
963738
832070
1151793
1577759
913912
814047
1339980
1328600
930774
962541
1113314
689669
642430
582257
464419
292766
497998
502518
455526
567952
494820
523519
472346
495103
553689
521843
529724
580355
605210
1342469
1234619
932614
1225115
1316561
1072531
892645
939593
1123453
1391016
1268651
971622
681288
1274673
1316380
1051615
844261
1446221
1140747
967548
1182429
1197451
977597
1267748
1024312
958019
1361705
938024
1139463
1155509
1263146
1186455
997535
1263075
955959
1185476
875357
984638
1143199
1209997
1144862
1247347
1194727
1008767
1108674
1100577
1305421
1053556
1052980
930913
1079804
1008440
1169470
1079002
1079320
1080634
931391
970454
799531
740497
734080
785291
943487
732555
738033
1007084
937849
1033204
1045228
1022922
1141227
1190922
973114
802625
706193
992106
995257
524231
502977
1018496
702501
442680
448377
420909
679590
673130
673037
654070
940016
710775
813918
692371
568575
781609
983989
889686
965777
943892
778940
945178
1581045
1047435
828581
1108959
1081262
1577501
923347
1097442
1361014
1250589
972499
1135919
1216794
732112
768769
1111666
1061038
1460876
1365001
966202
734235
710467
589157
812725
1189377
1496011
1203613
1138458
560719
1087100
1296137
1312424
1176274
1212635
930506
1130086
1052782
1255900
1365671
693944
622818
781800
775219
1082122
1600338
876070
1297025
1047015
907853
1354440
1225369
1129921
1102091
1118446
1164152
1184679
1062190
1143539
912030
1013512
1111733
1095906
1376543
1123188
1006626
1394733
837639
894414
650920
489606
876286
809929
1332936
1044819
1154121
1495458
1049556
1119731
1053969
988743
1120938
1383987
992726
1059710
1150264
610116
788434
1441883
978732
1119933
1122821
1206793
1166915
1307538
914217
783649
1275206
1538170
1171471
782249
976281
1399469
1096999
1292950
1213658
1098048
1027963
1112537
1250376
1153439
784477
1070417
1199576
1306166
1009759
883064
1580205
1092915
914080
948914
995395
1320331
1047284
1090853
1288585
1236012
1090091
1061194
851743
1542080
1257641
1112097
1170899
997420
992874
1243396
1110000
911832
1360816
1100315
1073492
1192609
1133009
1081023
1177933
1010934
1407087
1030245
895509
1246853
1084690
991979
1066951
1266019
1241395
1181028
1033246
904385
1402879
1202226
1075646
1174978
1172849
1121144
1142305
1037372
1105254
1144470
927148
1370560
1250546
965671
868565
1231999
1196941
1137269
1113584
1321937
1065295
1132589
1155843
1081644
828982
1223784
1267752
1017791
1244511
932839
1405069
1189706
787224
958703
1241376
1327173
711406
894994
1033084
986388
1093669
1248210
1246449
1185280
1236753
1132106
1159773
1272990
906759
1172408
1098379
1026461
1163381
1249013
822529
848568
1005207
1339786
1432225
1213619
1108110
890507
793392
1382017
1414553
913639
1259660
1118686
988005
1206002
1021891
947653
863419
940066
1348940
1033938
1225437
1248755
1224686
1058325
1214019
1093119
1035798
1035362
1072690
994346
1116177
1259013
1245523
1094238
1258409
927487
1184496
1077569
1043083
881365
1353554
1324494
1225183
1140279
940312
1129518
1050232
1279094
1354255
952787
1115287
1150551
1113669
1083939
940542
1043715
1301509
1153924
1161044
1172263
936372
1296654
819187
1254211
1215200
1252504
860662
459646
441538
438794
492214
733833
1104817
721603
1631809
803211
593471
1136527
1386133
1309286
757192
978420
405560
862894
1361122
1148125
894480
1097323
1410920
1150045
1013823
1212729
937175
1063929
1227579
1303547
826021
1489027
977495
1212316
1235574
951477
1291227
1054502
1180164
1088083
1097836
908601
634951
1263342
1366356
815478
686902
1468482
1009081
1081375
1058695
992235
833703
1047731
1422046
1299104
939200
1146614
844910
1006843
1170322
892216
895310
876016
759547
1019001
1340136
1256606
1256001
1131620
1142050
1082649
994096
880363
1136940
974672
820724
1377733
1150229
1221626
1320214
1111658
1052824
1106018
881252
1189432
1381839
964136
1208023
792518
917235
1164580
1019551
553318
555746
1013455
785414
1174035
1223539
773046
944716
1134005
1467124
873337
770097
1236576
1187957
1081942
1351454
1078922
802430
989415
1329470
1195752
1190494
1307208
1117044
1049421
1017884
987922
1033317
1120874
1539203
723691
1257345
1226000
1277823
901188
909314
982972
1483750
928265
1087078
1293159
1260002
1270621
1081472
1067178
1078251
919664
997798
1003333
971192
764547
694359
1438720
942535
943260
1085329
1105909
805938
624689
1409342
1247907
1055842
1050531
1118178
1176514
1047211
987179
1273825
1052854
932119
959121
1211965
1090263
1078271
808361
1320862
1367111
869098
1023447
1141722
1122534
1062395
961702
966858
1113887
817152
989450
1235667
983059
1079108
1054756
1119114
1178499
1103863
1128154
854401
1387729
978639
1120307
975374
964283
754297
833983
1456246
1230028
869585
996265
1199418
1012637
1166587
1455311
909670
1288524
1261123
1165773
903859
761685
1048639
1022459
499692
627190
671799
1174129
832158
863845
1090900
528567
794226
549651
836746
986089
871614
1338566
931823
1115469
1234409
969257
453571
467134
913342
760884
797368
949068
795706
611777
501592
508615
546329
562054
732956
665491
675984
511812
350323
294818
276154
546842
629211
453838
867017
1264013
857398
1029010
1227731
712507
1315738
673732
813010
705099
907136
691816
1040696
928845
1205500
1330161
926257
933971
966723
1063786
949438
1360227
1049556
940655
639053
655003
635985
788699
1012557
882775
822700
702378
696363
828922
843685
766983
1141294
1244582
1172719
1062848
955327
905082
1066593
1207260
1112541
1062722
1026967
1007445
983688
1005519
1046145
944984
808367
647568
1209042
894171
1227902
1230310
1168917
979965
755819
899411
1168630
1190898
976022
862838
1114733
857290
1227063
952633
1309978
1192020
1164124
1084798
882452
865150
1116250
1085725
1092531
1214507
842531
893201
934653
862827
1181711
1393707
963907
1032917
773375
1118452
1106490
1521130
918766
624894
1147269
1334646
1316763
1065478
743501
1013050
1344363
1261771
838412
698025
660753
926765
1114731
1165213
1032753
1142289
796866
652477
1006458
805951
844173
1373458
1299053
1169274
906293
634496
1031254
1035395
718938
1104306
1026427
1048705
794262
489421
1221346
1388942
1275226
986230
1271296
922700
862914
692267
618925
924404
1113857
1179040
1096704
1300659
1070695
1411859
1107513
1005469
1028706
1101476
1030946
1087376
941789
902688
941673
857438
944457
1011131
1140980
1248267
914590
1028565
825940
1195258
1086590
1075624
857852
624763
1054452
1447906
1106398
1183538
1152480
1257168
897866
1020616
1093209
1386098
537344
751068
815806
655336
666024
554082
442944
388856
534425
474978
459180
378937
386286
355518
963365
486227
1098456
1002493
1199855
1330795
926922
1111465
1064247
1176400
1054139
871577
1037941
1325892
439782
377385
384329
395358
354893
621849
864471
805095
660544
621940
655863
368547
522412
469687
652598
666956
722067
1096045
1068952
1026460
1413967
320775
615980
851856
1161575
1131234
1369184
966245
722117
887666
1258648
1248411
881487
1140058
1317713
1278818
730186
841797
870212
1073238
1322258
847065
667909
912875
1015417
1384820
986562
935292
769468
1054523
1127690
1036827
1102884
1003261
990900
1015303
979659
899854
892767
1050998
1187005
1152218
1108105
1054940
1151690
988035
1189342
965855
1079274
1198194
777074
602277
611305
566847
932514
1320305
1134555
1184291
1070202
792273
776295
929600
875398
790393
714911
663150
646921
636299
654160
590486
618174
497293
633251
620671
674213
487878
464649
490813
533746
546179
420624
469048
649308
1093974
1149937
830453
612530
655910
651027
738651
787914
844065
908313
914582
886548
890830
685220
690689
743450
794003
769767
898354
993336
1108271
822838
989982
1205724
1111352
1037197
1155969
551408
562660
647821
641544
759216
701226
538188
376163
314727
225119
234168
530848
898713
966432
519860
288922
280071
993478
800584
957818
924300
839852
1029717
1013803
996893
1136319
1105727
1165572
1011729
1060325
1016001
898775
1247492
644608
412947
263785
383161
1075595
1147729
1190060
497467
480559
471184
476948
568311
639541
703766
673658
694037
693383
742193
630079
500893
389269
364704
368043
335349
546154
899620
1042001
1077356
982272
392227
569045
700974
803431
798500
1155789
935862
796434
762947
896927
1111951
1121723
1185575
1218098
1031579
887111
340273
729699
1003997
769093
339717
776802
1206781
647123
516961
551183
610466
363170
665977
604526
501155
599686
530457
499767
361882
340812
410191
451812
473391
482068
571437
635732
557800
543034
468871
540156
496043
666202
653577
443208
636512
700876
474825
409647
460582
589908
577718
555160
542822
723334
344416
634392
544389
496142
563907
589053
639042
784204
436648
321311
336908
425350
617928
743682
426807
264111
293807
396734
390871
390009
404799
397209
400058
403157
406078
424466
475230
475576
430136
359758
228004
227941
224904
216356
202838
286194
296044
217670
146998
6723
15274
18406
24393
31163
32532
33016
30817
33290
32056
39730
53221
66705
89245
121403
163291
182303
215632
253601
273852
286705
297652
370891
446164
497910
449730
509434
413570
321440
296698
303241
300309
310856
317013
289062
296984
303177
310054
332055
392230
414441
398374
431335
468733
447699
427214
441009
383389
415094
424646
421232
451398
442695
378215
333738
370373
416166
496951
549962
619891
666313
548531
519267
499072
470957
472042
563205
603668
511963
516040
512373
509654
532041
621047
689636
558481
557454
511520
503493
534981
654408
611711
564832
568838
619978
514516
536322
605596
630289
632864
697111
660157
603403
682886
605007
550424
464700
361059
246380
180954
140343
143643
138861
197774
255166
370961
485997
782450
1067874
1311551
1186255
1259005
1010171
1226134
975991
792022
716995
609614
528911
550238
591861
704488
984871
1342464
1166863
1177237
826449
1074403
1213929
1199072
1207243
1161338
1204805
1168994
1091613
1076944
1081040
1092611
1116434
1029070
866633
792923
805773
654541
641661
767244
662205
634810
639525
723671
533900
427969
351601
326302
312045
429726
831007
1372543
951821
1340471
1118985
1122276
843131
659338
534028
423659
395274
399323
455222
444943
469987
468401
381683
324838
313037
312433
355875
435023
501247
492360
447681
378477
317879
300889
230463
188854
145451
107737
426610
1155411
1088403
1114804
1065522
1064148
1069661
1061767
1079488
1065363
1062626
1081598
1104683
1116178
1187604
1133982
513998
11064
64102
58087
49545
2685
