201413
337829
310383
325722
332522
289955
434518
506200
729736
523162
353914
545804
606587
471942
346524
158821
110296
78805
728325
1089807
862692
297025
215086
1013475
997607
645624
930879
1042851
559087
672842
499561
377415
423181
521909
604636
579305
631772
678358
487408
505846
577150
533072
600841
579141
491302
634676
608606
721455
860291
767734
750998
694636
867614
1059590
1144689
1053885
830817
843883
1053290
792697
984658
788180
1089073
1066010
1017723
1076476
648349
517980
834239
1146322
417294
536113
596700
483055
297817
344049
345582
526029
511614
422571
1253845
1374364
1436454
1041279
963485
1224402
987734
977000
1289811
1016754
898428
887959
1188148
1192908
979111
916619
995190
871346
1003959
1596629
1147859
1069230
964719
854497
1410991
1501149
1033630
1118781
1158478
761514
389287
1174432
703056
516091
426870
1181182
129649
256544
391121
439763
432845
371668
386419
243792
381060
652589
858240
973685
882946
708454
1141232
812051
999451
691940
606819
577817
757161
1152794
1382669
1276495
1331216
1065546
1287650
319539
984668
848678
940257
828154
1107998
1100750
1500191
1244101
1086359
1043143
1018724
839997
627417
501846
804923
807608
730926
991048
909632
1321847
1384779
1091109
696041
800794
1165495
1078862
574867
1032455
1169009
1254762
1643196
470026
1216708
1328105
955648
1084129
616307
776409
900232
887168
714997
828232
783602
1147726
991452
735198
600940
485554
532720
777130
724418
757103
469908
680404
1138578
1218716
1418832
1463131
1145286
1011280
974365
1302673
1012458
1240428
1017644
611070
767032
872576
937366
1254951
1570219
1092953
1337500
1163632
1327222
671159
1027118
1143191
1284380
925793
1448205
1047186
1007144
930542
310093
655060
677930
554094
1063245
1193822
1224010
1103370
1103521
984682
1308742
876502
831326
747301
1377594
1200967
1219687
949144
1246541
893726
1372788
1286958
834767
919865
1198322
705734
748296
1176111
761674
494512
1105696
1369397
998240
1016659
1734005
1303058
923507
779156
1062219
1067727
649071
97841
275677
614820
1744278
1385217
1054044
1103069
1283366
1070714
963876
930794
634488
1037264
1234229
1049317
587405
583269
750210
802103
813097
1433713
978250
653803
476873
436176
371680
311274
797181
307281
177909
383395
880472
442156
532033
1441497
923515
555153
736013
727100
740495
1444910
615266
505417
441981
560482
527308
656781
887670
993810
486834
821983
954165
845445
765260
709858
903085
1430639
1538320
891403
1362211
860375
462323
611960
1284464
1383622
1539043
1150792
1107799
908395
841531
1216564
1392063
875893
767821
672703
750728
1152053
1185602
1511239
1351383
963729
1143399
1299799
1035268
1028531
1116247
1027531
1096104
1140325
905758
537823
569936
421665
624366
1212368
1260331
1123502
1096130
904227
809246
1402298
1256534
1347470
1193620
872805
1179812
569337
956465
836992
937592
1333675
1143998
938042
978174
585058
498671
1267002
1427254
1310420
1089359
934481
1018682
1437945
1130289
1191038
1193646
1202138
964181
1144644
1227244
1078622
844724
175521
353530
120427
17223
25442
17947
19470
23927
24036
21503
37460
36792
27557
19291
27415
25632
46855
38140
51539
109394
140403
161320
155728
159581
153940
150647
142362
164999
161546
195450
232179
203069
202611
156851
137113
110655
153413
176567
187394
224774
206658
218390
214100
164505
167721
187784
211587
221113
274782
279650
269390
244576
266811
269494
292999
293594
282128
289587
263473
351677
301070
387386
361954
298937
259512
240531
285914
254470
300488
283467
380085
380577
426002
470756
433520
425935
486694
401115
347126
307467
325251
414968
510964
539359
494433
471250
391272
393780
359403
342766
275318
192944
113642
41446
87983
72664
26341
56780
77907
40045
59789
56133
41643
70124
53538
23765
187803
101042
82214
