4457
10621
18662
49649
153215
91903
107994
100754
106667
119413
101119
162267
143044
130290
136017
122021
134197
101512
87866
1506473
661112
1065212
1116843
474732
483722
644335
667816
868057
680302
572749
246930
667146
462068
661749
382909
459837
419332
460490
451200
352303
330552
248594
212348
311347
404106
309033
329361
329573
346980
573430
584742
450317
677137
425617
622852
681573
810698
886032
603016
523271
423785
605318
934220
260761
395889
626144
1129019
1075337
848658
444076
696651
873874
973067
978093
936911
1110038
884428
942812
1260437
983466
876644
663735
629973
711605
702283
1354212
1180868
1126310
1123986
1196548
1501741
793719
841022
884978
1089178
883967
1255477
1181781
1124399
1031849
1080461
1325310
1404350
906462
1212395
1168679
1058427
860346
1140064
959186
1212393
1544979
1046922
1142023
1291779
1138553
1098594
1334871
991530
1297268
1107589
1005807
1142130
1284516
934215
838262
1041671
1210803
1152018
1176374
1162805
1108403
1363441
1089268
1179720
1036623
1000103
961394
1042608
1209821
1197380
1117847
1083914
1023879
1358940
1095495
1138295
1237463
1131257
1295373
1008530
1290723
1163852
870740
1131924
991617
1044873
1389523
1094958
1139315
1116046
1194769
1225420
817008
1226604
1248004
1092531
1021011
1321655
1078402
1202162
907533
949895
1097430
906335
1227735
1122510
1069488
1033951
1189601
1185083
1146295
928192
968361
1084665
1129847
1097910
1035637
1048001
1119477
1111287
1273336
1259993
1045152
1073317
1213504
1388893
1125949
1195810
1273062
945353
999158
1153165
995311
1417182
1201456
994301
1249613
1186620
1086468
1079708
947052
1316630
1096319
748658
877981
1081239
589908
922134
687450
1051986
1348773
789385
409528
1395945
669409
568534
639352
254441
475923
615809
177062
343801
535761
536134
479114
291524
282753
313543
506483
562802
321190
273825
401297
240187
212399
286009
374777
288906
241915
263896
296083
370213
367798
366353
271067
288603
445499
474071
497531
481256
517337
577991
534815
511790
294782
260820
116949
88554
90832
86368
83128
261928
303620
321654
313670
250505
185972
321304
650471
558689
530538
516839
453210
375581
185246
111746
147537
223382
338612
319419
258740
673805
750538
689559
561184
368469
410163
410422
385000
422313
678550
771115
667283
398545
431578
827634
1173779
1018464
912533
1012172
1024799
956493
953621
1189896
1035314
1051658
193197
447530
621271
792054
684859
738423
1162212
481634
468733
477107
624179
811791
706839
749326
769138
732981
1136988
508853
473155
716171
792294
1276326
936124
846083
743360
1148990
1028434
898821
743439
647703
1029661
1092618
727026
779470
646753
817973
1029874
824925
1043231
1006445
930671
958733
1114682
1106850
832932
1178553
736130
588844
617449
694043
633422
648456
639036
675820
640593
571121
475984
549952
556855
517125
723276
989806
1254513
1071311
1115670
851434
966473
885757
957104
746263
565548
770971
574033
642175
1062891
1061752
1119022
899046
714944
1081542
804433
727264
862526
1029429
778247
684888
979332
810490
616062
605512
533594
732786
889696
881879
1040916
784421
694376
745639
1014918
976393
417827
405231
559288
793589
689918
616528
686757
695818
776262
869088
961905
1264380
956297
654627
348685
168813
157859
130221
100495
148922
166990
165127
161697
161180
163346
169460
182843
179168
188185
191065
224891
315884
390129
335938
346455
353682
315986
292556
333024
286143
248374
293849
265791
242705
207230
274969
506969
582416
397692
449948
523940
401932
384362
670780
629855
712863
697785
639633
801436
657914
473737
767441
788938
798771
823087
1064086
965499
986298
943226
782342
1025425
802475
1140917
945578
583967
620687
672748
670989
584857
649191
759266
698143
689275
767430
834375
572036
722206
942562
958593
963436
916004
768894
1140008
1398171
994943
932633
1055910
909978
741756
711263
774310
305876
611466
598067
742402
701770
508250
557355
367228
564698
443036
430059
819673
751355
924697
767225
873431
963891
995509
1142630
1292093
1136410
1022952
977265
1062611
1287778
970729
897096
1053482
1255249
1208403
1125298
889472
1183276
1183269
1124921
836033
720769
1161217
1187800
1129160
1308008
849873
977093
1049336
1025673
1022691
1322091
1150797
1015179
1277362
802409
998096
1058681
1328602
1059246
559034
463305
406623
884847
1026543
803177
881693
752481
455163
446523
316454
701262
325087
567072
566999
474468
431928
429063
349501
317888
388382
571446
668283
221391
490582
304193
267930
234220
237712
295964
239624
362934
471469
384460
286040
388347
328007
413983
430715
397516
391999
495637
457134
641445
556603
590855
388339
549123
384560
213340
473378
637190
401136
471310
459782
478085
487063
442980
458851
333869
174229
415127
243189
341961
319068
398093
401518
341029
418967
391756
364923
467729
527395
533892
293316
458239
718921
778643
368259
344364
290735
324165
647133
447651
337698
473951
641375
385603
360844
402351
359362
428392
422453
325120
453237
536373
384525
461265
524226
644910
609908
707969
512689
506383
473092
523074
461675
309173
422434
594310
335929
355138
537874
591770
528142
641233
692809
308304
374464
700151
798900
788590
667621
506722
540771
649966
541315
354190
380615
385841
488726
456605
552581
690124
586812
586457
468634
555839
588447
1598967
1066709
844712
870109
1093791
930636
506151
374821
293952
404451
497937
397292
317453
336603
368335
400115
412223
410516
418953
488966
670398
693624
565698
821911
1027196
1009254
1138839
765956
812155
744645
918688
1043790
1205940
999398
823739
1027587
1232858
909124
1020251
999956
1029332
1241663
999128
1065353
1332597
1059857
989450
990130
1353648
1071527
1113070
903652
1017050
1032501
1007315
1108501
1010365
1019016
1047632
894200
908527
1100643
911803
1261577
1293621
993055
951471
936060
1106812
1065866
1748170
1220609
880358
918934
1215584
1376200
1028849
955985
1042448
1056600
1199918
1354761
1149418
1118930
1114834
937971
627048
738654
985986
1217132
1662188
1247879
1137139
1011177
1123523
1181320
1112490
972000
501107
856072
1220218
1143049
929358
919422
759240
854723
1166631
1034832
962336
1257232
1261384
835413
1027845
1380825
984235
786895
1058070
1146476
1398085
1372156
608439
977562
686727
1372286
1289531
1163539
1054586
1013256
1444902
1053090
1088378
1263228
1170408
692903
760869
746104
635998
677523
763493
1261247
1403100
1192867
979471
861107
1018998
1312788
1165511
721176
975938
891979
246487
486973
461816
758177
623212
416642
461776
661365
1317971
1166768
1424022
559087
393738
440801
732598
730379
699230
869380
660312
474873
555978
457804
514141
574373
768890
664980
479738
410350
359750
246196
424441
320889
329203
463451
666053
680527
991663
1057588
1061940
966295
565327
457928
676675
1360129
1050540
994775
773840
884954
722075
778773
813294
831149
950329
919693
1077012
729358
1294034
1113536
967232
526330
724579
493490
462345
551617
660293
608293
555704
604592
892866
786886
771016
700300
886080
1321186
1227758
711981
849360
737582
852720
629753
753568
977006
689660
694545
533196
672306
588067
567539
774466
805486
777121
823089
724525
841485
614863
763749
1072580
1348467
831160
706755
832505
878502
578001
560745
652814
724162
875849
797023
1054131
1014446
902224
1047927
956910
665215
964464
1338154
1216912
1114419
1184428
596872
684956
668331
932978
875139
1154975
1192074
1291118
1325197
1407044
1158951
530991
676703
1053153
1198675
1350369
838967
801826
752034
1121454
1424405
950066
721509
782973
922488
927630
1115214
995632
972418
905360
1016563
981925
995784
941248
863759
978609
1527363
956043
921644
1124311
806731
808645
670451
466182
142263
222780
485560
525783
636056
623817
421774
250933
311255
250157
204752
215096
214504
522517
753595
805706
830915
796020
618987
257578
334498
698939
901753
460881
344274
381475
374550
399517
471135
538501
615704
788773
883957
1166102
1297020
996818
807627
1086639
1200553
743449
978913
971661
985238
1254227
1035228
1044222
1715814
865606
648911
888067
901910
1267003
1344612
564421
525362
585783
817054
929636
911991
824405
697248
634093
633408
990442
1083753
954474
740419
963921
1174982
1243338
1207427
1185590
915569
945956
1030291
831143
784628
774464
817818
1055838
940095
796512
834323
776287
955781
861630
838258
878305
924784
841495
1039968
668505
644664
791756
1027446
1158241
1099348
948561
875108
932713
986348
650140
794056
998389
885527
1071693
884980
953901
1258253
958029
921931
1064215
1020684
1101973
1066592
1061095
1244934
1260859
1225721
1158633
838444
750505
1048533
958650
987972
1021015
1064096
1107264
888400
731531
897134
977913
1120811
1182338
1041129
1026258
1076937
1169507
1090754
1255258
1037542
1143337
1185603
1202984
1341593
1309334
959902
1051654
1056610
1100710
1232719
1086014
1064235
755396
579701
592635
647947
673218
627707
659454
796005
592089
483899
756789
686840
631876
712243
426646
1033760
1266396
1008543
897592
889862
1180815
1364856
472874
392555
539824
497133
464286
424313
488766
532566
623647
847214
677221
770914
686677
592741
619350
668233
586372
517271
521086
477766
731980
625076
580560
812750
841607
708401
441981
608258
686259
780469
733709
543148
403429
701310
512766
653406
873286
898000
918775
685381
861154
902633
694116
1057059
844079
736857
582934
652594
648423
745308
779791
622419
726732
556200
717818
395907
437951
552148
615015
832882
867728
942266
725956
634274
603517
790232
842695
703469
741567
775362
678960
851548
727267
750617
1265563
1392622
1232573
880145
975220
1102923
971026
1132918
1304226
1196747
1214073
922420
1014858
1328477
558770
288621
235981
271102
306878
178143
264066
715486
941058
1538483
1270997
1015854
1167762
1014118
1024419
997082
1038511
862435
1233764
789563
1203140
975120
1061749
1123636
1735454
975522
771322
1187039
993422
852497
632509
394023
270620
286112
455482
487357
384803
363670
346431
166549
146323
1327473
1295401
868194
1033962
1086368
1224946
752115
804923
1046198
713805
681184
762671
515594
394609
739482
906134
670684
801678
460745
539356
596551
355125
485224
517298
522863
542257
624686
566982
612585
655757
854725
536495
977565
1266337
908017
672321
489161
754963
544534
433355
449328
355679
573824
424517
965295
1151386
737524
694747
654862
702778
483719
621777
750232
620714
807422
753529
650084
448595
348325
400996
394617
340691
999344
214449
146829
184150
214201
268821
355482
703169
765879
291744
140979
138398
134637
283654
665830
492939
190219
224777
265690
270432
317304
272084
259734
367903
359497
308276
253208
286569
126835
132380
147892
225274
349990
368767
207260
376430
699797
821059
813925
424188
377003
393745
345673
399140
506331
658997
292683
288387
298929
346628
469122
517671
700302
885358
894542
747631
395224
349445
317195
361092
541129
337681
245919
492194
640850
810866
537852
430156
1407667
508974
476677
412426
434201
464147
503428
490517
455421
241756
248900
350705
585272
1161350
1109947
826820
1122708
1015691
966102
813106
781339
1034725
776768
1181022
1055911
1116081
1042318
737299
1125991
802501
985461
1053149
1200282
881091
1057880
1408056
1100793
808797
545258
1197727
1341759
1399112
1150680
846459
459839
1090911
1360855
801783
302059
617469
1033688
897852
1416385
624631
1234048
1257810
1361434
871351
1013356
1122778
1415198
889513
1159595
1177307
1232243
1293809
1256497
871159
462639
438360
405913
396419
353600
333529
633695
485773
496777
421217
457655
457448
585385
808923
723531
820916
919180
348214
123869
534328
278722
206650
159862
85454
105240
99590
203663
423551
513575
416054
517649
616096
588951
614800
705800
927238
509327
554087
834753
470329
493627
545442
573797
636159
597291
504585
408860
414530
640877
532365
666329
647705
638067
709512
632094
681746
1016318
872220
966750
708246
1004016
671433
1008082
1126560
580827
375202
809542
665564
774467
677153
506996
846080
991296
994216
643431
712976
861521
695511
1197695
959428
1038482
901501
586901
610749
832928
866837
889881
698309
637080
997762
554070
806202
1075257
1417735
856930
1070882
1325516
989670
1067751
1202550
1089253
1052979
1237442
936367
1147745
750917
895823
1340789
615446
893275
1149357
630835
904169
1103109
1125673
1344920
1103064
757372
1188308
904439
1078584
1000233
1255338
1178112
1112729
1106610
1088058
932949
924251
1230892
948835
1129585
1290807
1243511
1312095
1212740
1091432
1225578
1120426
900188
1044888
1419646
1186435
1241915
1065772
1063393
1059660
1047142
1000174
744695
418713
337954
314575
630753
781555
888588
986130
886155
697792
632249
539478
586656
562061
657255
715977
566412
793018
759147
738861
851070
700233
606369
577763
870185
819452
827781
630756
557894
300659
151386
373207
333369
133539
218280
224894
322289
368130
115539
310173
248677
113351
327015
347905
347299
427504
379515
429410
261073
309742
356688
337132
308345
351183
314154
295651
232476
255077
284877
190761
60155
63849
84671
107734
44907
37236
6707
119958
394926
382687
368738
396130
305082
187636
713061
903068
969402
1003310
953207
936647
892109
920524
955278
889624
764831
825687
867399
922358
871990
662000
13222
16001
16759
12179
9135
3370
