148452
180478
385429
440778
468107
288793
996707
1539334
1213187
812888
858172
532992
905123
980196
817543
537068
1046739
881707
560179
488095
205875
230218
406175
286280
424198
205647
179051
209828
878612
1131986
755711
282983
264269
188690
503655
486015
547703
830758
791310
745812
970993
1793121
1089277
647844
537345
600634
560687
811331
546120
668883
521112
604520
695968
820855
694724
384809
1151596
889202
676230
1396829
997185
596920
721005
540895
475414
513799
885340
548348
314662
229100
553183
775896
776098
762666
624981
752083
905805
719369
602730
795910
906136
1146178
785584
649043
683155
864321
952266
779449
674031
467272
518269
544796
498592
937596
960882
1202524
1423913
693493
400257
1480331
1225531
646175
1080350
1473080
692436
422596
762502
1050535
492861
444278
496181
285278
543986
487874
486555
545770
719485
755462
579593
588641
720021
407802
699971
407696
188484
520164
623275
575393
888057
892787
659114
485657
616863
876165
559383
696217
443276
339288
558684
938261
909811
537282
591201
1479273
658856
551058
379388
697656
766617
713878
645404
440597
453880
773515
563683
256043
630559
674753
620235
763262
719619
716099
533239
547667
661312
383495
441062
483012
256116
304732
521296
421618
492632
714415
937251
815017
863797
1333020
1280203
1239433
1037334
864016
782112
1114114
898730
1308322
1267254
1392047
1350189
906506
919600
864384
818616
424658
640728
822426
421258
763985
583290
274339
329787
480422
618458
571180
1048090
620827
267634
543242
363324
509627
322031
762473
769402
420811
625784
527329
1013961
401265
420402
508294
474173
561194
384629
581897
747903
817624
880753
976797
773324
400860
948607
477487
411952
421267
551908
627959
878396
808783
705972
733622
939886
769516
1100037
792500
944903
942646
968099
901943
762780
393948
395449
689765
743384
445506
443142
361540
634411
1025782
1202953
1523911
1182330
1270786
1174137
600913
1036417
1160297
686838
342686
649733
942707
1333874
1200124
494088
445057
445938
506970
443444
303585
668497
624433
545475
442111
649062
484531
591750
570144
356949
606449
464236
970014
940651
752351
702744
767734
547248
584805
759719
715543
600534
664893
635280
480906
977860
1094878
775294
932523
995056
837671
290432
568312
518740
454423
1062047
1012684
1309159
902168
1121056
1129064
1734038
980054
960824
1011520
1047276
754700
1122456
741691
1138147
410919
526429
480039
884987
1193791
941923
1560048
1056962
1163574
794538
875509
950107
790185
544826
423912
498069
564871
608581
582685
658669
684174
495517
895678
631349
1050751
483917
648024
706202
324957
184451
204021
11948
161129
174672
422224
810832
654508
513081
769072
371422
540520
591247
601674
565137
504892
567493
569919
454302
368973
118983
358013
309596
666195
705083
393719
630684
1035944
893046
939770
319202
476382
485137
639262
800289
428029
532178
730572
463291
608528
448672
438128
439468
333701
502183
388110
622511
546364
505229
541951
475517
359627
479640
620275
738741
600875
648162
708007
864502
473286
583885
700112
786375
501731
681107
1194993
446157
698716
592571
415725
582512
468151
476376
624897
622590
410415
586815
505816
819990
592458
455561
761159
425864
585180
742170
683737
969976
303960
419732
931899
526679
828791
697508
465987
1027965
596887
921927
1137000
965141
1255252
1409096
605426
898031
843248
680274
691816
732589
591868
650136
447128
514064
332510
649985
870012
652397
537598
606484
620239
324790
612927
760108
375367
495785
436458
481548
570570
516975
966041
428349
456423
836740
349512
289180
331761
250838
869421
914969
752336
971136
985200
937563
826941
830964
838434
860835
326402
1008034
1487598
900347
479636
382705
549682
745653
771129
817474
666885
380852
507796
610365
480589
501621
548689
581253
560983
511896
284217
397417
395880
498884
616625
508047
730427
400683
452127
348942
329231
477745
547310
718272
562339
399458
427988
476902
299308
502057
536883
546172
571812
466291
389634
516386
408344
343219
252921
398175
971648
611847
507574
1374509
639576
748225
652583
658709
627356
488871
603696
797136
415266
460304
602150
424326
424673
240161
430870
256092
450919
652136
686232
667849
686388
592731
447975
266562
847083
725811
652045
833474
658632
587767
564532
340617
676074
423166
369437
344164
230906
237781
282416
549133
540454
311045
192742
275107
331626
612592
771692
753716
546076
591736
434956
519348
334049
337826
648455
708243
785396
982870
771890
607069
336533
457045
702024
708738
375918
425898
652701
443258
619764
646786
491576
464246
577537
578302
534349
381752
404058
317983
335606
457194
378777
646519
806814
605506
799739
511714
466134
173307
358184
352964
196843
189751
505466
839929
826758
452746
693696
1176887
651615
583857
951283
506645
651065
587447
734424
574484
611905
509216
405446
705209
490260
483526
645248
508539
502512
1007596
1749191
767195
355445
906125
903217
726720
735406
578615
665724
532327
625260
861711
1409068
880189
826359
630717
974468
895611
481876
297330
5872
95902
146077
230801
170906
212523
117425
180217
239345
185430
294695
200840
273356
209818
273275
63120
64146
2385
