237936
1060097
1402636
1469818
1203898
1397334
571070
713540
355602
388079
126883
219016
135362
89200
88833
52031
43013
169346
159064
160171
163659
161617
88139
117308
196632
172208
111064
131936
114915
64776
240817
955033
1120641
1230114
1143651
1122064
1247066
1324397
1348478
1136118
1141267
1066256
980894
1120390
1603513
1408734
706651
448376
424957
626520
520919
395834
491228
541162
543896
670083
650842
566880
515581
655520
830116
573915
759723
584007
821831
473074
422494
821652
848329
644392
374823
385977
473381
645989
735588
622053
689230
770114
866176
863468
764313
738668
934556
1984270
1210498
990246
1040766
1213915
1114081
820466
1692485
1718975
1049516
913573
747987
1039997
1222132
2308056
1501627
1287789
750201
639756
1904496
1981924
1642458
913485
1922645
2295953
1694733
1471636
2176192
1306441
479130
514489
533276
703117
735299
1970714
1940289
1198568
1468035
997212
631189
771301
791301
650840
1180241
1042872
818898
768521
671772
596498
667143
1138854
879023
1189606
1306492
1201544
988538
1331714
1740267
960605
1029847
1531747
953320
585150
1211209
1390773
1722087
1084380
808641
633687
635010
649985
664675
586439
898735
764121
825899
1264237
2085587
816088
762047
625525
1259546
1846066
1634261
1189466
739859
588369
1432712
490186
2056411
619622
657035
595399
429980
688223
811473
706134
828620
1113439
1086224
1155189
833716
804474
587153
834854
713440
778481
637817
849377
745837
829269
771089
731519
621484
498359
921000
744218
516623
993041
1021821
569993
551878
600858
617899
653860
570257
851632
726305
717472
739546
609658
526751
617505
598582
615705
1053663
1937113
2049434
2222849
2462038
2381336
1035153
737271
798448
952578
1082347
1063586
767801
733067
601711
566911
623198
372816
574020
419542
473955
555410
739216
499967
356502
426548
466403
507734
539259
481833
548835
530315
665094
780698
1169521
443664
570211
561992
596720
540279
600504
535989
428469
485013
504659
473762
355451
526325
1027573
1115407
431495
344569
389053
512132
628080
576559
424176
379879
638527
561388
388705
561218
467426
493951
557440
412747
1010355
724126
707933
852646
482221
343546
446071
491002
751580
1155106
1823480
2098980
1538219
883120
717704
1092541
1377178
1008922
1339743
1563964
1189174
1121494
1446282
1068978
880798
1177867
1439028
971457
1035866
873431
666459
668482
784748
986170
988802
899917
1090284
641691
508231
669690
819528
589329
736425
817304
592239
608852
580445
946055
914818
1051081
1312993
849930
594549
628612
657000
702727
562000
888246
736139
852232
1203384
976706
731034
1303960
1074905
591705
560985
434761
471765
719865
831205
693091
1056051
1066543
971907
1132610
1577756
1262272
1330766
1024209
748014
1096747
867776
559282
560705
637723
667460
686712
705488
641147
763258
774629
980694
887410
1244906
1267127
697368
1087872
916100
890153
764296
768178
856396
845391
1090906
944150
969118
723067
804524
740925
678242
620223
611140
487960
591619
1224276
886887
851128
903587
1025540
1331751
1259114
1096844
1314966
823130
944183
1407001
1351369
1086665
1157147
1085822
974131
981683
1023514
1170567
1028163
722767
716022
786793
864212
845207
1169420
649052
705314
671863
736390
765104
1046213
934475
961722
1005590
999479
881762
840829
825279
897706
923291
959795
914312
996223
1278156
1133220
1092089
1352575
1119536
1042123
1038101
675367
614192
876673
784592
727383
728996
944643
1158456
885415
1006565
986978
1020281
839609
774623
1199351
995371
942405
850946
1286288
1306959
873484
797140
689379
627111
681199
993023
1479607
1217969
1335357
1008901
763077
693620
686230
584696
646065
1194359
939554
783212
757356
1055154
1183200
750916
624709
820134
736739
619352
462390
489178
587060
771880
764414
534241
414972
600043
549779
486327
485104
338556
472015
465782
675437
867528
900028
857930
837829
1024506
652592
371182
336378
316378
479169
547321
714895
652731
521858
667909
724693
787846
762926
495558
655604
537239
740456
701898
511718
699868
617088
574301
658792
742739
757240
916218
920625
1019956
885185
920961
957511
1139688
899965
418351
489402
944262
424832
710510
594685
573862
995142
1245624
1006818
737184
739065
1057061
764098
480438
820794
704470
826280
785621
939346
790659
483881
482314
488511
623856
627722
591726
360407
476374
422123
472705
385372
442611
326255
359316
511642
582440
477541
741087
475849
397252
875800
884555
847777
964827
961386
970579
947370
1110220
992460
942285
930473
597232
678658
741485
649064
733927
840741
749008
727491
864412
954999
689856
768006
1036261
1164982
1305800
1080021
1251641
1065748
796550
659650
747237
1051507
825059
793407
792465
576316
842604
917149
901661
964763
958642
844282
877409
933246
848238
882269
940679
670349
550928
946851
1105222
854784
836386
724352
979076
595004
665260
672468
748840
802478
712659
471029
835782
823398
1073429
1165633
1106854
753602
829226
765769
739722
1202848
1610846
1294034
1029342
1401119
1107590
899575
720394
963372
878173
838370
904638
1213772
1439042
782411
930812
1030699
771232
726558
751250
984741
1006796
939561
806778
856938
671471
694090
770048
769577
879514
829934
700795
877318
1021247
724194
854033
853211
988615
853649
720232
947039
875729
907010
1032758
830145
1038158
697424
904651
836035
1088340
725185
666338
642540
1081242
811990
867453
782725
676026
638219
517804
497802
742513
931796
895676
746773
546659
1112237
1354467
1356239
864924
398589
292322
341869
273511
241187
633094
651547
985391
598158
480623
520170
697012
981040
440274
694788
704867
376081
748822
910962
820304
1171639
1063617
869073
918513
901327
1121723
909146
932764
812935
750115
895482
794756
862077
1231235
1340838
1299687
1379013
1316143
845594
845907
779012
1009980
1136113
857759
843862
936343
794236
867715
1318690
1253139
903766
777391
704014
976551
1012615
837797
1057042
939373
676992
713845
738566
954904
891112
1060977
1164665
1051395
629860
593768
1210790
501068
546232
788347
655174
705215
744610
598911
1260604
1749473
1637115
1563981
1269079
1372444
1423362
932653
685281
626347
818720
631489
647433
559018
1018680
985254
919847
1159446
1081587
763993
716998
508419
407383
440793
483972
662887
969806
884038
548333
470816
652127
651308
654401
595543
710781
941706
1092590
844715
928563
670383
565424
506475
643774
640683
703555
686667
730403
745488
724445
642620
468179
510513
425869
329711
393604
557729
755993
771813
348199
352411
501700
456706
695180
596865
495720
349737
386464
377554
538371
669857
418749
473570
1093832
999369
403978
452735
892153
829759
794563
1025427
401450
430644
613258
547401
422949
1567225
797083
560245
915077
1088596
833893
647607
632154
726720
774880
728130
880556
821788
714800
629046
572149
440089
375841
516729
539649
1100647
1216572
929831
924133
1119238
1377144
789622
660959
901573
985215
849648
654150
744403
821298
906224
819623
1323639
1180596
1191853
1156755
1041332
1120457
1091731
1211370
797985
851790
530457
1050592
952108
1170932
1372055
1313975
811404
932135
1265846
1107934
1579982
1023060
1132943
894774
843568
484342
779858
902533
1020460
1126639
1285228
1045274
912825
775953
870532
756265
826033
733208
735686
535337
863640
885153
847304
632280
489285
481442
420028
574810
546928
523388
1248517
1032096
643111
749512
638141
633856
740275
601887
1477010
1006535
671374
779492
610603
568016
442932
868685
697323
806998
793304
449412
484755
714511
649603
789839
849236
635352
895933
720954
560078
687930
556092
673531
778827
726071
634933
620811
571664
688074
733993
793363
740540
601325
624697
684393
761325
506339
430113
572546
579158
563920
582723
523121
714065
890956
781345
875536
850749
812116
435685
328841
330153
743393
477158
309223
545616
808725
939767
691888
217712
210975
820218
880826
317005
270886
634677
253680
742995
974933
859674
473591
365945
460902
299515
363947
519397
487287
483253
345917
335531
553053
461208
345550
415543
415929
420567
682252
683612
643583
647725
616990
748514
595028
612561
598867
629804
583126
751726
619466
443042
508204
509337
605144
705540
792931
651318
686347
678328
547653
528086
541573
531268
541259
569162
604216
709026
773306
747085
741203
826787
930205
613478
826850
879619
714488
738857
643196
693992
602289
627327
579544
486233
560199
579917
447623
619725
579537
735700
608596
713879
483763
565910
647665
774758
676254
593714
692443
561472
575788
640363
615377
552696
580467
500115
549900
648986
563995
655506
621898
669345
616328
571831
770970
679427
481557
1061695
1116281
360941
1095179
781316
962288
742336
400223
584611
1500202
3080723
1060901
641594
879857
1207942
914012
939065
500714
430169
576555
504849
299654
384519
420526
440115
520419
731196
854568
711398
730772
759727
872670
576369
516993
641036
779292
531792
658088
429995
528078
433927
667348
475417
568044
545264
591404
721010
681415
521136
500468
600057
487228
577875
654757
708807
668032
491443
575023
602958
529195
763657
792401
622731
607816
733574
760851
642888
735928
663585
494166
511528
457411
720677
691232
629801
759895
1173499
1315470
1478240
987660
1397973
1688498
1338615
1263172
1501157
1403630
1348614
1378251
1162203
1043400
910495
850520
655015
380752
850439
1109354
892313
549040
760994
442179
644656
541271
774997
866821
843349
924778
1343153
1111606
917557
677160
520663
445756
452623
312195
325153
490342
354829
376699
378292
445799
544884
465627
531409
603707
597959
473411
441274
322947
542822
556071
349617
399104
487768
537762
553047
348878
370222
493764
536225
521976
500782
575348
717800
621153
290855
300893
288003
278606
291737
459799
451593
509514
408962
720078
512110
339736
471027
447702
503316
562490
447006
511606
529206
585939
416344
471593
480620
421253
429414
539152
665460
516555
781689
386499
531489
494975
560873
421995
456609
509640
762000
335716
380807
756350
765205
701452
618947
642450
400260
760187
686606
965068
767831
565513
545935
467022
583174
628506
926707
649489
1117072
1156864
1050991
720040
815321
611880
503673
831506
809314
670733
661146
789966
1023508
928018
694181
690977
800667
739357
834295
835283
695270
941505
784685
731230
669623
812182
631763
800695
765404
637719
569201
649010
677644
696686
627775
535394
627625
677663
436084
464324
398064
438778
414491
644843
590486
616389
718988
794278
727336
691752
708047
868408
790704
581297
516727
641154
682028
557063
581776
649734
548137
569376
875960
969578
797044
745006
1503979
995402
808147
902850
922741
1438587
990616
940917
854761
918792
744324
754947
862522
875050
869072
969287
871285
717953
837708
752855
818593
848014
820311
988219
819905
938107
911901
750005
578994
940014
877763
872379
813122
787456
859727
691664
695415
808632
827644
727716
965036
968352
1037452
996741
1041140
850849
871999
709795
570913
796146
551361
707661
816027
588492
516877
707319
741465
645451
802307
905993
913688
532139
468774
927490
1279448
1306707
1433143
1247326
721061
1454555
1787977
2001144
2001504
1776587
1698647
1612719
1486076
1085655
1399699
1425636
1033191
1004427
1012282
960421
646529
904599
937389
842803
761080
573840
445826
861141
1463202
1454414
2320217
1065171
765722
1106154
528969
571238
565264
571123
1112525
1429832
940134
737563
932037
1037679
929487
675071
891386
1176869
1134953
608699
595980
708065
1147197
599838
489230
478304
517919
1173049
1443802
1339495
965343
877139
919652
654163
936956
980222
590468
639923
955069
1167764
774803
660618
568817
551043
647546
599664
629515
642091
757000
732473
622985
996780
828570
557300
583864
558147
846041
842073
839974
663724
753398
780146
808480
828542
839971
714922
712308
763275
654214
750394
626662
692102
724489
778775
903815
734999
659519
647106
1187291
1184878
530673
891899
695795
1198144
1795128
1524333
1063242
1717111
1774081
778880
742569
645514
880956
793855
902569
869613
863387
793595
743455
708522
709756
731888
829845
797153
805969
875658
764420
776879
786211
657032
839208
829970
746762
727366
742685
787603
822864
664186
660046
1059773
903345
742196
797763
940882
1601860
599946
880557
1169197
982955
898035
606868
808159
892256
853274
791986
690504
738648
769778
778113
674297
740203
909272
955287
1054067
955470
873237
924549
945869
950475
1032256
852260
954932
1066023
1080051
1126297
994877
862943
938215
717331
621311
730214
799825
779766
698396
721591
721578
687793
697458
732360
778878
705177
746472
828277
799846
653111
661557
677270
798564
723159
780474
694121
673161
630308
663555
673372
486593
456671
638654
622247
574068
627481
673214
406608
362600
650123
775965
1021888
1040687
1084278
823238
804225
789411
789226
912928
903169
594006
933137
778036
760054
924340
860851
777740
636497
803056
833103
521734
451366
333415
256615
137627
213607
406552
544826
512482
549352
472630
374894
317263
413877
371628
314627
222746
242297
548457
346718
236468
300778
342148
300497
447377
353661
304886
296668
299406
320011
338935
317882
333136
345159
381388
403496
380372
416624
378442
406731
397619
407299
410059
361250
409156
382763
391816
416315
393279
375064
370631
459419
394624
447074
452081
435099
416329
408228
398432
446841
426629
407724
461431
403003
446629
487509
450262
418920
415506
453636
469147
410366
435690
443091
464542
460371
473499
464833
453749
456391
622142
526301
526261
638422
1388169
1488503
1568949
1322266
985601
295042
460036
438692
423930
370987
404287
421605
491017
410564
493977
469515
462468
382656
246624
414957
639073
624923
858412
1084025
1264284
1172759
1154097
1260149
1260835
1173020
777026
1023857
827634
582473
531362
432926
722779
873362
781944
1040610
936437
753136
669846
545833
470988
703938
684189
955978
1181222
1280373
1257404
1105754
1062058
1426610
1338690
1361007
1141119
1065910
956720
919182
726446
626006
504289
875157
813896
924346
1073810
651594
792824
512318
638929
749603
736711
573964
689789
768283
735822
731666
384047
407642
1141659
684450
1106757
749552
586483
658286
710718
823494
863845
722707
682110
750402
821495
970960
664964
509368
567901
580135
611256
715524
487373
658948
766025
529700
571766
652428
673758
584179
512770
569479
564218
489189
325913
991193
2180917
697962
35179
943678
777084
632608
1256414
887331
621153
794564
750204
822643
854057
1415575
1753709
1913071
1030778
1349784
929934
473152
418367
373495
407062
472514
988382
1272009
1229999
1233050
1534491
1248386
431108
550787
464083
1265121
1251557
1070982
855674
1177798
999503
935907
707017
939242
479499
651369
819407
1010834
1237812
1366385
935059
1025613
1348396
1379236
1343472
1278265
971371
1035817
1978832
1080033
1273307
1446164
941427
1386367
1168811
2060821
1209318
1258995
860968
938071
836889
626532
759357
810436
782745
1212988
2003400
1495231
1253379
1108785
631283
777414
804144
1285243
1126799
901034
592753
681037
988646
1494968
2238329
2084395
1085276
987262
915008
941793
1720113
1491584
1873361
1812957
1657165
1523737
1768131
1430836
869085
729163
2035595
2212319
1049010
408014
641826
996877
518189
608530
658327
624427
475895
690432
698564
522287
670907
630801
563525
514691
373143
508823
639226
628557
752460
918659
550465
458125
461617
450962
432393
441769
491013
548737
505543
735372
624360
380619
454111
507703
428152
866195
1276696
1045050
725762
688474
1094189
1112137
587197
564071
876872
653139
658294
813080
1376213
1296812
1226362
1246599
377234
956809
930349
1217935
1618068
1548986
1369457
995626
588866
564966
369983
399429
460338
441844
414163
524763
635413
636875
609542
695550
382689
270360
252757
387337
395161
551083
628665
600566
365067
254209
793675
1000111
1302411
520634
487080
355906
350108
333968
377553
383784
389979
946487
939045
327004
339567
320844
333204
327268
241486
170080
345802
323090
308189
358845
298632
303097
350420
380100
478454
576357
561349
467003
508467
603926
684581
757394
687787
527668
497175
517153
457082
337350
339171
268878
281829
260737
739983
960903
905924
359046
689098
495086
477158
599687
582842
515284
907834
1148862
1208116
1310286
605674
776556
758388
770602
761046
682144
534207
546085
571651
1177199
1489677
848320
375982
377344
1471615
1582229
1584753
523916
750409
1639320
1248388
700443
383463
278550
159605
611763
804567
748111
806071
778773
772056
683269
661369
1548942
1318630
868313
1039774
1040911
1138256
1877771
1064845
1985000
1828773
1439104
1514276
560246
634387
1304764
1763986
1235540
1643835
926660
794560
770784
576231
514750
783187
1109906
1857352
2493712
1479501
1776483
1845231
1270101
1152425
1448575
1157874
786355
586101
550747
1142445
1884284
1635607
1255792
982944
470857
290136
419145
1117164
1775407
1183307
803520
1806570
2231370
1930792
1192701
1709231
1202564
596464
695116
1975240
1334414
860087
989476
1041449
1084604
1085836
1055769
1620236
1328017
962662
757401
773240
1478573
1462778
1169901
1842826
1667380
618813
570842
2109848
2028539
940141
1216892
739526
1608835
970479
520458
822300
1001628
940606
1133005
1116892
1129648
1025250
816303
546736
642696
1137988
1641016
860795
722181
891359
878394
758857
1120837
736956
607445
823881
715133
802087
841899
1127218
2070504
1760204
765591
1058456
1010877
1487439
1550552
966633
412378
722966
960204
1946812
1783138
692575
595680
346484
613374
1913845
1787062
1577633
1541777
734072
608277
633120
482376
634061
361631
540433
773672
689273
478177
319853
337945
378565
430300
475510
535920
600487
488731
577351
646490
889644
1024602
827786
1020973
1277320
1014852
545359
518134
439101
409129
381857
405704
391526
410709
436283
708241
420402
695202
833020
1089529
866217
873383
746545
741917
762390
782145
627186
577832
586878
567616
552754
568875
594794
489455
354446
117389
200725
449582
586668
609397
502882
477665
561354
494087
525030
920312
1002198
822704
799833
815505
804257
1157878
1129875
1116675
586578
290501
292838
366071
348763
186345
181496
346441
410459
368520
526528
558912
812403
1079723
1127371
1077908
456760
505127
540756
546533
674389
629942
603839
612975
600496
1060517
777760
987057
761927
1108604
980020
965987
758919
376006
531244
804641
739094
642967
689350
730045
805705
798817
937157
876800
906723
1017529
924872
678270
894726
805997
929305
1092954
1009127
989829
1200652
723948
402801
355108
362516
384720
720089
1066271
447466
515938
569614
919192
1226063
851675
427716
429198
679479
486785
558295
525730
425554
1075967
985564
781771
655747
582216
654969
469796
480803
414742
1061934
1539391
1462829
1247401
1298649
1796574
1133597
1288084
1049916
1043014
1779097
1571493
1440999
1019256
941069
1061253
1012524
1094732
740856
738487
734498
1176135
1065432
1044722
677459
698811
1276429
723681
1284524
829654
497590
393758
302498
297577
457717
343850
339272
449496
519716
614281
711631
483975
521820
509349
379387
441511
733714
914320
401589
411424
587645
750106
567847
601068
588968
529738
1089864
1015159
932501
1849720
1051457
352324
340675
481431
635761
487455
479462
342318
381857
455276
470731
189294
393129
597172
942308
129285
145336
516668
742031
903197
1238693
1600599
1427724
453987
286217
265403
294931
320286
288384
299330
312043
280558
439678
1290327
1768425
1565352
526537
506695
703802
616592
649113
635638
477781
515435
579894
519161
741643
844799
787454
780820
588510
873380
1554668
1859146
1818628
1772949
1615967
1589910
1721317
1572300
581652
551446
789011
811905
798373
583596
680890
1260359
993336
641365
645882
639882
474146
441289
401001
467067
637670
523439
459287
525364
419788
543372
474910
490053
415654
465127
536634
557478
544489
981417
988579
861881
735144
685106
720472
704406
399833
370042
527056
555257
788384
1325907
868089
377825
256125
217154
424936
635762
423145
165182
442296
1341246
1791290
1605428
1754869
1700428
757191
550930
427695
391806
351422
465063
462065
2904273
2789737
882038
962450
1474261
384576
440699
356585
388365
413705
381405
873094
468876
450222
521547
983466
827386
404242
520933
434330
647785
652473
371033
564145
619760
706655
852556
1332532
1195231
867830
822073
693087
1248732
947027
1054155
1101321
872778
1170693
1126434
1068855
1283415
1360506
799242
286291
1288070
1651045
952152
486067
398025
357029
541648
1425326
1076417
555884
1265992
682128
762486
1098557
986995
861444
1055837
1064753
1214035
1106810
1891965
1969709
921470
833039
925642
1842383
1157692
652619
786615
495117
1041758
936507
948438
2324765
845712
1321587
910908
1113159
1297177
526467
490886
448503
262062
450785
522200
638627
869784
392719
652997
1025177
861429
647978
859788
655535
306017
317533
403149
446074
460315
314788
553017
873562
701989
518323
717953
1037213
1355639
1467889
1998743
1466890
1331700
1254097
1000538
975212
984055
988182
558843
195502
336640
275888
327910
373876
225882
421376
697404
581852
750860
790398
484302
548135
830894
1658135
1228539
2093627
2444124
2314144
1870377
937723
1212439
1747295
2131278
999114
917513
652845
896380
1035775
1368861
866722
913430
1070185
952901
987774
475558
573668
688570
1081512
1912157
1930553
805944
1477102
1828838
2102907
1420364
1233452
1441102
1600010
1610435
1394379
1135844
934416
872734
1415650
1412486
1046878
322133
823237
807838
915113
925021
468853
619933
578249
450907
476056
552243
989057
334427
300626
510169
1085507
862019
220778
920642
844642
423951
437806
401974
359198
407138
1072159
557326
346379
396684
389296
370101
309128
364277
614219
1423950
1481967
964660
839450
406932
355680
437276
1186763
403486
1367320
1083789
613009
372519
421539
354180
437774
222615
183929
354009
346619
385965
386055
1172911
792854
369620
394097
370119
663072
646586
556533
542691
587449
616037
583717
614826
591098
483085
618812
583050
643104
679087
669049
460377
386395
394095
391125
411506
423710
439375
481323
802225
1427857
1448870
1211365
773991
463352
424593
719628
823780
646129
1126062
1246650
565037
352264
676705
580596
548301
862577
796332
816394
733495
837048
1018879
1620690
934432
526915
1316295
1524971
1863928
2010082
1888097
1433607
996938
605907
503457
513708
610098
753015
811434
703088
771361
1284835
571470
822023
1196753
807476
839427
656009
763063
721012
1117431
816040
764731
932574
945996
1220953
1553085
809278
597203
827144
936061
969075
912852
1009868
905864
688269
551634
388789
376307
744520
1455154
1364967
1332686
831342
714965
538623
475307
274837
325755
418652
405384
399891
377523
399144
338125
460712
633193
511001
480194
690696
1109851
655417
803698
722080
632689
903750
1040874
1156584
1218185
936688
544292
740851
846268
852130
789166
763657
817163
780607
794237
866270
668976
1745005
1605095
624151
627553
646216
560878
236889
280139
380466
721924
1879503
1772999
1277820
549045
806093
1310019
1675310
1697063
1500670
1227089
1164231
1021981
637839
661537
1282843
1227381
628500
1069864
1872962
821089
587263
976984
1305354
820980
980782
1118771
905495
1025750
948099
1040079
1811435
1418697
1693904
1159857
1574069
1555900
809724
1104549
901507
538397
539949
483385
410310
457427
438146
466073
438539
521631
786635
1206846
1258133
1196027
1158525
1217289
904634
328232
399013
412475
443422
396268
424915
413539
401137
406655
494349
383679
370085
393582
791724
1088336
636667
617492
714537
593470
627697
668613
817709
1048911
957430
797706
905813
761871
736107
824015
775620
726950
537294
716682
790485
671497
561758
287495
452562
735303
1124147
305661
345706
780274
1858218
1806720
1283123
1025994
1269926
566115
719133
648190
565860
373074
372692
258709
298785
245249
201039
237603
247581
308641
287535
312909
287622
283093
263712
282209
275613
260337
362457
212017
258916
269050
301417
246091
373152
366636
272073
278944
321571
203725
187231
309087
279155
216855
337195
328423
240155
315205
241582
232567
207579
351975
370558
180458
200250
330504
332843
286735
250146
204655
441693
338058
335211
323716
351080
272490
1112050
885308
665920
394488
306720
218757
252865
226852
251684
289809
268473
241202
291282
298664
412684
308437
206429
446315
404678
280886
352010
273024
305239
382797
370239
433885
501765
407408
351029
375975
300628
283624
221880
233467
232531
256943
375827
317420
368313
243154
397515
390951
368623
340408
316439
292831
303613
309679
382992
373683
442317
333238
296764
692900
1032782
731521
922074
1033110
1201230
715806
692108
699316
695576
757759
709271
1227966
1548276
1053881
696082
1007391
1338550
1221885
1242743
862493
2216734
1615497
1722298
1413795
1648355
1237876
1340980
1456973
1403601
1154125
1208036
872028
1206854
1379791
1078589
1647546
1262650
1106075
1230116
951194
923336
963036
957246
890000
597791
950962
1209082
784018
712508
749730
976029
981233
768936
1196855
1006530
968901
944876
908460
953459
1354293
926407
775121
848689
1215667
1001516
1213248
1314648
1479333
842466
1040676
735871
315697
494084
706775
633915
499641
368514
479400
374501
558251
459091
329711
388984
538377
538484
559592
532409
293654
325282
369746
369434
469292
514209
467336
454163
457176
390570
357377
359877
368921
328997
334841
328762
319929
349598
366782
365378
370602
427355
545126
612312
477687
622622
747820
438411
650259
704259
704894
427359
409265
492546
627430
721008
551472
457650
493061
532398
522438
498955
484671
421747
1087260
950203
754726
655742
729386
1109453
957834
945599
802616
1033258
1035062
991416
728294
844658
745645
936794
2684357
921038
1264837
1740849
1727843
1732094
1098124
1379183
1267842
1173462
1024331
970305
1015226
1207488
1056829
834645
639448
777634
876954
517408
644813
656935
1127901
732165
715682
828714
508598
1326840
1164829
708752
468895
509414
684569
675790
645078
619424
578555
1138110
1014755
711504
413299
383821
713249
627031
403591
746392
552152
529069
527355
522048
446387
478751
431369
412915
284625
284952
268418
364262
474478
470823
373754
359099
309377
250748
254582
307867
399472
530168
489999
514775
340766
288578
277250
277254
343054
534018
534373
384318
429487
484640
761225
716879
351044
317379
313805
476664
403694
346291
348969
288259
256569
267084
430083
671612
707768
745390
425028
336193
398403
303451
319811
833284
656616
802022
847993
629785
1010877
1189450
828926
728333
877240
1209829
560059
1018168
1347684
939535
995748
1192396
761672
1293452
983191
735474
804255
994119
503384
793605
726927
682062
537940
480978
486543
453450
561805
798292
447695
713407
578090
606187
609034
542037
676657
617800
730901
727021
616193
783961
684810
556929
832529
415636
530682
394472
563269
598191
634153
593401
597372
611821
611366
519159
448663
452718
387723
467631
530482
543579
486172
366022
458526
431236
426840
519878
467723
390638
429713
426723
516088
537333
583718
493501
415388
457823
482770
466182
541311
400955
418024
398424
434263
537666
615169
611735
532843
484807
495832
620955
493815
444382
428981
501145
394683
550108
539821
512269
510825
477867
382507
427612
479426
301044
373766
334385
323910
403978
397249
316825
305164
268555
307023
367136
434186
466432
549412
712043
825961
1233504
956253
924591
684128
603058
662795
790361
855106
852381
805375
777596
816640
744393
750568
763838
809302
1006363
860627
833844
961812
1143097
1062365
908781
1226069
982153
761142
1206821
935960
957580
959686
830596
1057000
993031
905572
846573
942961
1081359
441526
1012483
1099060
783223
972913
1028771
963101
994523
1035540
1046744
1014197
938520
925834
814085
722513
1571480
1311628
744964
444859
666900
779555
924880
890982
560096
501212
754552
696968
1028232
1021322
919274
261955
364981
321899
9703
21681
160546
322338
335027
356520
394593
454268
450419
316605
794085
1221183
1098536
821181
947406
1113180
1123815
1032246
1335571
1297732
1418501
837868
802074
833837
973445
973948
841433
730191
734381
943681
1115307
1313592
1193512
1203702
1241560
584718
482633
507407
456038
479199
532504
464167
537364
758230
800731
642510
618588
550171
815229
775565
679779
542759
620158
859519
802430
1098001
986768
1028669
1010485
881755
861752
836674
918604
885008
712899
497415
1395674
1421426
932343
781307
741836
534404
912913
766476
691335
906565
978787
984261
851673
648970
569189
1352227
1176922
946226
708269
719192
711458
743966
663526
859080
722955
773275
793815
593506
1072790
832821
1098563
988487
852297
861967
666004
557656
696491
893988
718338
594653
706222
562903
390057
461483
558024
558996
564607
404692
298366
169086
9967
21067
24797
19084
26549
28579
18837
22259
22978
19024
19600
15473
11926
13855
12735
11832
11914
13618
14934
21731
24690
17749
24466
24808
23241
17916
18545
17492
14935
12455
18287
20433
36778
40480
47333
37201
44759
42498
39986
81791
153707
232508
326665
378885
356894
360630
333076
371942
384103
371740
427718
462946
470557
444112
391374
331030
335928
353820
330543
323941
301425
324338
335877
355743
386849
385803
356050
408678
414433
500163
576410
538647
479073
421463
399010
401634
388284
379045
360236
384183
366777
420904
400132
429787
454791
440940
427420
437805
366151
357355
340242
310831
366133
498555
559146
547289
512293
482706
497039
544352
690220
645285
577537
480720
477393
508488
466787
450280
423526
407803
455758
458350
558274
603596
644378
651149
589572
506051
439575
394578
405178
459917
492214
498981
547271
515643
477193
429137
345639
318080
290408
297057
329086
337954
331618
336825
359706
408103
434094
431009
385347
323312
288900
291167
336241
361856
364034
306742
343023
429205
460751
478939
457394
378123
323382
371142
410621
399228
404123
385760
399612
410399
444022
397783
439369
447817
447677
548183
520651
494228
465864
424266
381580
414974
356502
348565
378294
397611
417892
446998
401067
431110
401425
417049
427993
446681
397671
382720
386966
373158
366985
361760
320477
318430
390055
387296
410096
432736
389069
403125
390962
407433
437241
440177
422314
395259
377055
362781
330964
333842
420484
449542
554085
644452
668976
632684
607585
548387
493589
442417
394011
419494
415406
473890
528448
521940
514821
476527
440395
397825
447306
459032
477580
464107
454230
496265
485162
462832
445619
417971
410142
403799
382952
329253
292437
228522
234093
256745
285112
280144
344560
462328
457726
371978
312779
148589
67744
88753
66584
21464
18390
2172
