8826
17252
20437
29102
57140
133580
422923
834746
610210
1077238
1464030
1260446
424829
641302
1570675
1604133
1106884
1018735
1227757
920876
669939
651274
623482
534066
519775
512707
684251
588386
588550
1058193
714829
927210
850318
738003
690127
770927
749507
635042
663527
690884
748444
721738
693609
777898
981597
717583
553028
507985
506499
935014
906588
684550
633490
895072
1328227
1298242
1389893
1066203
1281698
892291
1094311
926607
900481
869263
1286731
949657
1072089
887366
730952
702890
774127
901800
1234081
1048941
938314
814812
757427
900236
783820
733911
718815
715635
701745
776995
598574
825301
712007
711718
831670
812140
1030745
1083284
1056615
791568
716692
914252
1025868
1180271
933895
805923
907113
744156
934604
767632
782363
1168098
813587
792908
596633
620081
622347
702832
772053
614754
900242
615985
790363
903452
1072730
884871
933913
857947
922717
783101
803081
900888
838599
778401
631937
811233
851987
849789
716688
646789
895733
768221
538986
718793
729394
810731
992335
925087
773636
845401
1036152
977274
881722
808344
732385
887028
889317
1038243
1101316
1033805
823410
771789
1011432
592856
813675
861852
862431
1001733
740440
804551
729728
725691
866662
860946
1033697
880227
803360
805074
713242
805544
832247
972139
738843
789473
710644
584138
638061
731950
724908
813789
873129
823618
652427
802248
668216
868402
737990
931871
953705
820703
857227
834423
566238
626370
1220934
854300
926421
1166412
909061
882962
1271620
1010396
1076060
1121257
943810
1044636
1116939
598741
742391
953924
1017924
1160075
541791
1040170
1153130
1064375
1074291
910230
1200592
1152262
910887
991812
1032384
1076389
1092846
1099987
1096008
840981
1492808
1130487
987388
806794
452123
512017
572688
543810
579185
562130
608953
564338
524992
506190
631756
584973
606279
670633
683109
718125
688188
685368
700269
745507
819639
1133256
1172124
1113010
1021155
1000588
1013825
1075302
710384
657841
831048
851488
826366
783693
811887
770141
814903
743459
905828
823466
820081
648142
669095
729353
638626
591498
787811
977797
922941
727928
731015
842851
840761
761716
738470
909997
1025264
1154925
1087377
686146
480109
446762
544018
1164009
714051
638496
946809
928585
831917
783736
1046779
867129
779929
790994
736986
687968
738045
716958
696572
693992
962742
1002097
1275841
1007282
1096959
1267419
1334188
1157558
698345
1255759
887732
929800
1435604
1121930
707119
708568
1141024
872608
1034394
619025
715447
661715
731936
674067
655661
650907
672774
575820
726425
699994
672046
549686
617912
398777
332418
311413
413082
350937
550768
542479
405968
388452
407650
460130
643807
630274
691058
741308
661384
609286
1097611
1029316
926052
866283
679244
853649
761784
868012
592811
580457
686271
594610
664652
878325
1083000
1018751
927877
826329
836231
816076
767315
771749
743439
512015
440637
487907
626581
539358
618545
526364
584925
770056
605593
532357
544396
505756
519072
568978
557956
565409
543658
585370
585642
493103
522575
487547
534345
547679
598246
620162
647882
609114
536159
608671
539993
581272
512972
549948
621703
641165
511713
557330
502991
551699
522351
497357
478737
467669
485903
546828
691959
724004
579174
545931
661780
671692
506475
543377
386056
563777
600257
606171
570418
650120
688709
619851
589979
566041
528661
559326
475691
424298
416710
550792
609460
561436
569692
522919
435604
489387
526581
460922
355271
331005
463945
485958
446846
444470
535503
514185
620604
545622
446468
423731
468091
425563
649798
614359
638922
459387
586498
527969
613702
625322
706121
627546
721268
913666
900200
762853
778967
714876
669501
673509
681101
716428
690240
724853
792537
862314
707190
681823
817164
722672
675728
658121
702582
575073
550192
529416
484875
607549
614485
712937
627803
626282
571082
618209
619227
593697
539910
547680
564092
596073
612263
613960
604564
736830
757243
742814
672329
678510
710222
598600
613441
506208
416703
494719
504719
530533
590058
629439
590455
560370
567282
624133
574613
543965
540028
646945
617385
581170
633649
601017
723839
699922
468054
591367
612092
472199
551430
565511
588429
618290
545819
696584
622189
526391
547360
562381
690971
732078
769915
766735
741569
651510
655360
627456
660158
444891
667915
661349
458807
374195
576870
592273
543085
474098
615889
676980
556988
504364
697709
627900
349077
442528
611914
508078
478693
876459
680329
717660
820625
846710
722055
593579
182721
361662
580207
552008
794740
852134
1105638
1091772
919465
711205
798546
619632
721074
652465
673752
308494
475144
671008
744928
690495
643440
606554
574894
547799
4675
249217
191483
329256
557997
704886
775664
777599
795087
760874
555048
812347
552943
672718
700076
639938
579657
790254
720930
668404
650144
684176
583615
604980
641748
687843
769598
691331
778275
770173
813914
703065
873728
733971
622131
672450
796181
863930
821717
1052729
797579
666439
645580
663040
716662
687601
645873
627102
571221
531980
676107
657938
721448
703855
528809
872682
808559
814225
721288
725158
791943
981514
1049779
991739
976312
999830
868338
1078429
1146637
1046220
899371
860500
862688
908333
965475
1015412
861512
969143
930832
954791
362076
349134
439142
497692
460066
493759
462883
453542
566532
725968
726430
778347
659915
742217
697684
723943
408172
447651
387513
413894
583369
538866
531575
658003
626862
634073
737367
817142
841348
855831
882474
908008
775459
877238
865750
918129
720313
703700
638023
618273
660900
776026
661058
658822
619562
615468
667380
715437
831174
870408
931874
1188652
1024074
950666
635527
739169
732607
747372
542336
455554
781596
585289
1005074
1116081
499091
730614
619576
639444
637147
582134
481708
526536
667087
676228
590900
631828
931426
810377
423971
672237
845571
928488
921407
874946
1040088
1089774
1014566
1088317
1008150
867422
889054
904213
921753
845294
638210
1140161
1137084
1184007
1204962
1221896
696311
881374
904485
788670
817554
607914
684590
703787
772169
1017571
908759
685508
652354
755288
693692
653175
618345
1189407
1341988
1321829
903870
549001
433517
735169
1205666
1146589
1093983
1007871
1012530
996663
1001712
755997
774058
602325
1133369
1166871
780818
551905
680836
1354245
1017927
1098962
942406
1607568
783028
460667
756987
597409
508243
577298
653751
756915
763783
649051
457990
434843
359892
569423
1054930
1126525
1070736
1108081
1000950
921050
878291
995746
1072557
918268
980526
1223741
1270302
1266804
1191580
920318
851260
827426
712977
592818
556035
621492
807151
832052
802547
713486
546293
122436
357625
654139
635443
618923
660741
664033
700793
622874
494548
570596
658873
421036
366140
378291
294455
427170
529721
592507
460853
558467
615770
670956
489770
500660
482975
485375
464670
676745
579538
688655
545160
558464
501611
423417
540451
556207
464672
525653
499214
662174
415553
463358
430531
479301
448219
534984
546852
534922
515513
642723
565013
599332
436371
405871
455700
482118
464167
479966
506823
495219
456692
417495
545942
693666
563205
638649
676879
595166
720814
772503
760563
755334
566137
450284
540618
596017
533866
643070
836280
998175
781369
680241
833941
958528
1085117
1004581
775163
1032615
937720
1153434
1012845
1095943
1116155
967547
807686
1058672
1222520
1197323
790203
730641
666445
993524
771391
778795
764903
667509
666164
831460
661351
689836
783551
488211
851594
639075
717396
666129
752212
620755
676570
627872
742259
907339
955441
796209
645490
664816
673993
783213
636108
566215
764700
771577
576876
834662
849835
847971
916226
708919
807626
670836
465596
763095
408805
452855
667222
670244
724890
884884
698659
721582
596821
650939
664176
573494
504060
567194
891085
701801
772963
754421
657441
876299
903341
950760
866375
911052
893033
658930
728833
679150
579153
750259
935818
1118396
1285338
999349
1008633
1117709
1156239
877836
754433
918289
1490003
1078543
1179179
825527
849128
1156691
697976
1107088
1101737
1274916
1001683
1151715
796388
803594
838954
825795
982037
991058
1035258
1029515
1262722
1575247
943893
1069082
859186
968901
1070976
1720385
1146564
1214170
988170
1293346
838442
1180720
1076698
1146011
1330673
1147025
1105722
1224322
1208415
718381
862449
1691134
1063036
1173222
1064693
978392
958678
1108152
1250661
815930
983906
1135829
1153543
1466855
1283488
1160619
1150826
959543
718223
900436
1024333
1099905
1097713
1167611
1078034
1066336
646049
795742
856406
1085454
1125263
815887
892854
803102
814872
812696
806989
799683
755699
803982
761610
752992
45732
488629
639259
924316
1068087
1145046
1050484
1095771
1109080
1014197
1067809
1070856
1096162
1085939
1073565
1117178
1078547
917940
822057
811107
1017669
814124
861716
967698
861367
833551
700130
991485
903466
928740
1070949
1271240
1324372
1205579
1186573
1192407
890444
810781
1018011
1257597
842830
774187
688493
770977
908349
864267
926843
831523
621157
624478
670655
955692
1153359
858670
564859
620471
571535
589255
911917
938178
478034
728132
547091
443577
571435
641134
743341
655887
537280
582348
794181
719918
666226
524176
736082
704428
610307
222895
11445
12272
9273
18802
21316
17625
16399
17670
19895
23358
27792
32738
26312
17324
33421
44175
38377
221320
432283
69071
