1327222
1578868
869918
657067
469348
827391
862534
578661
1063639
1311313
1142075
862706
1184343
802133
842073
272564
264514
468667
377187
262270
495983
318217
347723
468466
395717
392888
525657
569365
477479
331190
380170
583496
632508
454698
519073
518449
480037
404672
500112
484964
633518
529900
548996
414126
366002
637909
886614
501485
611086
1104149
913551
1251566
1324680
1352145
1095383
1022080
704307
951945
812951
708421
709868
705691
767896
1192736
714432
642829
537793
989900
922587
906303
597041
563805
502079
365391
400556
300811
493196
495794
271405
302775
240456
613052
799621
807127
909059
740976
561593
670784
460855
476535
500979
408834
356232
406886
348487
490960
490154
529868
310024
440617
266477
287596
419521
495519
799584
1024880
1042917
1067324
929472
615408
553916
660300
817083
566002
456537
603432
754876
592833
653594
578248
602681
682759
705160
833263
917230
752284
801327
1437550
1342223
822969
955160
964634
694294
403732
508825
371896
289163
301949
801655
1106332
602671
542375
790341
745398
637332
575233
565266
578805
600170
633261
612913
523096
515725
482358
487380
495412
508520
610374
607468
469447
507446
739677
740527
736451
719546
592876
633897
807227
748267
747840
670457
710677
845543
826573
771554
774090
523100
570933
547385
569248
607270
650998
682701
394747
491308
544749
608473
482151
627205
779101
628287
657212
742598
810061
803875
616006
623496
526809
563268
521968
650757
489573
381279
562370
526891
606498
705139
562145
622714
965085
598345
823904
816700
642570
518398
450608
393468
504666
466812
556240
564697
618427
517212
620103
586770
1678212
1550680
1023922
1160353
1017672
638308
728640
699434
718760
1128291
934776
653690
1442250
1335458
1430662
1102408
1010666
1018184
648196
548844
489594
409479
497541
538271
493409
461579
421690
537560
604157
617243
835751
1027124
928914
1239330
1049585
786131
924629
894593
1127273
804814
735762
810356
775723
1396929
1403064
704507
628425
669773
769204
1267434
1363901
1376927
1004091
430027
543887
529536
474676
541899
314118
1861441
530999
578152
693895
743773
745494
989340
1139230
938540
829296
701724
993423
785871
787473
1086075
790191
882071
1306758
1029463
678895
544753
632280
642132
715520
665230
619080
360313
467270
604359
594344
811831
843233
648470
536446
691613
844157
806594
901507
966516
341674
262069
322755
305518
324198
300224
336094
428882
379390
458655
369403
302849
355974
345967
370851
319054
384658
367235
732406
1263108
1744397
717206
729908
653626
807887
708015
631020
720534
762692
450706
480886
592755
580514
627561
857242
557511
500230
544270
1019309
1034480
1635660
783915
758438
1235423
803374
576475
430510
497222
399386
508260
469855
1419695
452156
385564
384579
468822
417626
647776
696016
404889
388161
421399
371813
448680
808909
1624689
757868
489154
479353
502096
566483
554996
553683
571943
454881
485084
515126
505495
445100
441045
367833
359398
440397
349819
371761
419618
432218
456612
631031
529696
513438
1298737
1549434
1146057
1167574
1100691
913786
1173405
1062613
1005328
639794
653650
871738
917845
958802
1275169
1681154
1294283
1165345
1230748
869492
1234650
1048311
448665
371021
358883
341741
327347
410073
484404
1241359
1640757
1119091
1129854
1040975
1072116
1576563
563013
1575477
1082739
910272
1332015
966698
806838
958370
1030892
1047164
1381721
1515814
1094917
982251
1392253
1320779
1020229
1145072
1018938
893542
1245524
908479
375980
413757
817439
468581
399010
675618
740530
474302
551889
458113
390316
451467
483467
522554
684284
798114
783994
803551
669835
520494
564747
543500
561023
476591
505827
516456
589549
531304
588447
463632
486007
765081
660213
591764
533622
534804
529963
632621
816095
750500
553489
443533
435259
475825
379098
425967
493015
612430
938861
663438
769649
713051
450360
341606
306210
587494
485745
754093
606116
703563
622275
674701
1229903
823460
623654
790487
925741
1002070
1045496
472016
419998
341045
408994
704108
875863
938002
918572
993503
966614
940278
1558288
1008659
649231
680807
577340
573591
572567
877253
424381
530619
563075
676141
600418
732174
447302
588721
677614
584407
611337
669333
573258
547463
770617
526969
582894
645568
631510
606426
644915
547470
664179
568891
375114
345633
584826
798994
824413
530781
369392
775228
774231
846235
1003257
868049
673157
797562
664416
478732
406998
377633
630712
641580
393324
527799
550038
1077630
994948
656361
589499
511303
563008
738134
805558
641273
409437
498938
432868
431736
450630
411877
430759
475600
401862
361162
509896
413468
406122
425206
420653
457981
402127
484453
383228
346010
369594
378022
288031
270046
367265
719211
1060185
980217
943789
919942
896393
647349
632191
543341
557834
610227
612378
611064
675804
725388
643106
851276
809168
1101829
674747
605637
394625
350213
353135
743954
1096258
1347909
1343333
865822
945472
957971
643045
269744
74793
14826
21273
23694
19893
22852
33205
26005
47227
39081
37568
35645
41241
173400
597613
388312
33719
