1610271
1424147
739542
651952
352159
794827
764732
574412
1089967
1159078
886625
864337
985984
710834
755298
170472
915296
974812
919215
785236
768120
877114
561072
391953
456717
410116
408414
381823
400214
399459
346587
392093
382297
337191
531591
606134
529447
647858
880165
919926
1213176
1060304
948398
836954
884449
864930
758486
992332
899706
956282
759580
875260
948393
739805
647662
844188
532497
957954
786264
689839
626468
810282
908749
1016747
907010
1028098
729213
533173
482912
460962
460731
486274
573870
885714
626783
462989
454921
432018
486217
897159
690550
572183
767528
719834
636028
581853
539851
538533
504217
550461
622918
1177395
934446
828927
714282
949497
829450
722375
708970
621515
746717
619694
708111
973913
820937
822659
1025569
763887
1580236
1220837
1040743
955224
838593
1229469
1058937
1689591
1181049
1077518
1196889
1025158
658475
730064
729763
874732
1019680
773496
676964
1316906
1045764
768851
764121
730364
728660
718267
699539
587338
547799
715395
945652
737657
561965
750836
852871
1488927
1120708
1110792
1371324
751032
1215655
1064047
1058952
884034
885583
795328
908890
781870
628195
562555
554444
969666
1795142
1007920
648958
871257
859456
937495
1080273
1379213
1016255
840789
1187991
819195
597024
692043
539362
531800
609570
1043051
856334
1626513
1445723
469972
520110
470954
408794
577286
509083
366225
351909
284448
349379
651707
656206
1003036
1646271
1292395
930532
609716
845465
1176296
727343
683304
713130
1250158
762371
646434
648963
749601
840419
928881
633459
757577
1240255
1118232
761007
1071932
1039516
1025912
1207560
1401870
1155829
1083917
698715
846348
803324
702779
717472
268721
631637
533235
623138
593803
1294803
1103485
1146466
769770
1221541
826620
889017
790642
665250
599945
680756
775355
675697
787887
736288
433974
405682
979570
1049481
961254
865720
667847
872135
1000168
1019350
862793
795989
758471
920242
932190
893357
886252
838198
851139
791290
549492
636604
626196
537449
544272
634281
621294
1004876
745937
1051338
848649
723263
649407
528766
389164
420977
676347
621079
422334
432355
418296
410068
400649
458047
639420
855422
1067170
908975
1005136
982464
848130
699163
447642
384740
367266
430227
402671
457316
311361
418096
629364
603133
637090
531311
473824
596838
608094
467377
674086
679356
803559
640835
557575
640929
744951
631751
645123
588870
415900
475937
492292
632696
817972
694898
480929
731789
854672
735238
615326
573160
725177
733591
618909
715801
599242
532286
578614
530569
455886
392851
554122
709769
725028
732204
301275
957046
1140783
1164834
794171
946471
1309201
1062013
1018681
917724
623357
357555
586815
633073
393272
455419
382654
675759
872823
773610
707399
706483
1177275
1180290
760083
337353
399780
372491
448235
525685
750697
1609960
767505
1036842
1454227
686693
968472
1748982
891745
1190997
1234504
957604
1145031
889667
915611
862506
1507755
1279639
848718
626073
599470
705124
1002966
548123
1118304
1080451
811410
813573
931764
746752
739498
974602
975460
1043835
810702
583744
522693
580953
715081
657495
714612
496266
530300
667933
551862
701624
467455
525867
545045
1017624
1069014
1220411
804822
708588
612587
714880
576045
696885
710236
643123
418076
518947
440835
373417
393286
368669
863495
685298
390691
381050
406397
452318
963656
645986
533169
996060
1063761
683574
692620
826512
1041107
1125823
1098428
799445
777267
1203644
1176114
816972
486094
456757
543015
600604
426380
501350
633363
706087
396173
367607
539435
632166
737484
537219
524713
514368
598682
631901
1542905
1317770
1042427
812217
893044
872578
821745
995008
806958
825124
1097094
1144600
1029168
1074253
1280144
981991
1047989
964777
1207621
870653
1227620
977432
707254
781268
851333
794745
659453
839185
586912
792992
700397
660385
646927
468017
508680
419128
364704
356895
303080
319444
751179
757689
821445
850899
641248
651244
739484
573778
599559
609204
565755
605066
674587
914548
1020562
583510
750993
1093764
1214489
1072746
1135796
1510224
1559866
896133
781839
883656
682381
573718
729585
636130
961303
681957
763808
498794
460772
442345
353530
406347
1041813
636475
441435
699927
897452
738709
653356
675551
734143
649729
623577
443916
661216
467203
601893
491148
951311
839986
872370
873552
725626
540274
819885
1019924
1038127
1173560
932525
463412
497668
569092
484300
399728
1055708
637012
770727
1301062
1287349
760577
798370
490773
505856
641002
573058
692230
691322
781165
715665
642798
781988
1047336
1082152
1261748
779335
434694
1049558
862823
656733
506868
443138
530171
561811
471276
638019
837676
994619
1275506
1095966
1004091
539336
325806
292789
283657
131239
16489
24295
20447
25673
28039
26629
22387
33448
38519
46028
43073
143313
177001
545371
331537
856
