767529
854065
611165
632345
831138
1039888
671048
4464
369696
1205118
1046559
819749
719068
810572
763779
882623
844824
782672
764146
863817
644154
477452
765524
692321
910434
1035856
777154
1108788
807435
1004138
897089
886921
770063
480349
197852
355168
560247
540836
401901
568163
863053
762511
723980
347767
418345
903307
1162277
535968
659747
864445
803216
1006115
917032
1250056
1085791
910293
528110
179175
63415
50247
40253
489628
1169065
1053318
914129
650457
776265
407954
255525
266911
300639
312036
316711
283421
226120
257724
269525
290072
397018
464373
508307
423022
430074
641435
720108
629028
610336
786164
724284
905760
829979
862294
943698
663206
559249
884736
728223
531739
571887
665441
790388
532322
705795
744371
628254
534077
494577
750378
978317
1127161
967680
592202
605320
941828
937790
770143
910516
1184388
1018327
1053381
660534
665917
597483
558377
687055
648861
705702
678907
657674
674489
903027
1174980
592637
574744
830670
865639
870734
909315
761904
675682
741737
657553
671137
554652
632140
598927
691467
757617
653057
651225
1179159
1096874
810052
957298
694016
847700
856865
1073419
1410613
1317882
1238769
895074
1272586
1249961
1098766
645704
1065203
1004815
919506
891646
1087206
1228229
1360375
1234031
770184
862641
888671
773761
903134
1012287
692545
829070
504484
1009327
978404
1004490
804454
1362803
1185944
1001361
1058383
1027767
955832
994937
824355
720447
1068566
859791
796852
877489
717296
508862
1214796
1273628
671948
1077888
681874
779801
807192
955904
1161899
768073
710813
514407
433186
487912
506134
423106
760225
867239
962908
899790
853519
951262
974275
937557
1041451
864321
1235775
1253935
1048383
1158331
1342065
947793
1055607
1341058
1028124
789668
868359
898363
891181
898084
861808
843670
961167
713714
639189
748167
764685
723123
749384
858406
1056334
940574
811644
875872
920313
854413
1307562
1008316
584151
890220
914974
999010
859404
769415
604783
820667
997498
804183
607655
856521
781311
725085
754482
679684
691188
690909
679817
721670
754392
545863
545040
707868
777596
774692
718147
852055
806447
606628
691216
757105
526514
426778
608109
781880
763005
847542
846280
675632
535761
429479
650647
803525
586525
573458
567234
703896
519061
521279
573844
947656
886156
688980
968070
939310
774865
662910
764868
906348
1090004
926994
736925
718138
870506
993512
659170
489325
1120720
1274889
1086398
491289
1043426
634620
789194
581562
693189
595174
740488
671571
653509
1027770
571095
510634
391208
424833
534601
661565
531642
323437
350215
429676
403505
303238
358421
301493
432003
362684
249418
250471
602358
733198
1080959
1159201
1077557
880046
848510
783597
663638
810153
712382
683289
619454
611527
656052
735223
770820
662122
722331
712313
508154
736617
693550
671092
659589
711068
607677
568230
814148
854975
791470
673140
561226
657948
653436
707609
1112192
866446
615517
626876
574347
905467
724888
708336
648099
546589
622008
954391
926778
857592
442292
602746
533572
569432
677997
568475
447606
512007
685138
1026964
1111668
538306
461569
1017174
982188
573452
555651
572897
560438
473912
518925
509408
574819
422295
908601
975256
832129
887904
957716
887835
781980
951583
777063
750872
799580
859050
1050569
1001093
1066329
1108189
833237
842334
1061555
918129
958415
992503
1607555
1034493
1081422
1345031
1239069
832493
876975
1422663
1257640
1184527
1272280
1131651
910643
1220951
1212826
1077716
1088000
1079268
984231
1175798
1415460
1278030
775917
773502
693161
649143
644483
794207
766865
739778
772296
759206
747709
758332
702217
682610
736359
712302
676891
669595
570981
546289
610479
709042
692200
686903
659344
681677
838234
829497
540805
494765
470755
793601
856111
870326
720811
570888
1100495
862417
538523
556087
423703
551181
679632
588692
650954
647721
790505
686989
551902
796933
780640
870294
903426
982628
977295
1006494
899391
852523
849309
950076
1239916
1419570
1139380
933467
904950
850744
929294
1144442
1083567
1041832
990753
868176
804364
1320680
1443548
1025315
638369
1128833
1182811
1251503
1092255
1060340
807844
1088084
940695
1130841
1290917
830742
932072
1366844
781930
969116
812921
946100
847581
514536
508231
681299
775728
694257
617980
689723
658907
671611
737662
650475
644177
571263
798977
641389
605558
659300
664020
434835
431274
461997
640278
742141
714698
686359
500439
581136
600681
539298
623083
634094
596782
495894
471414
590662
571678
502729
783518
1109917
1123240
1010140
503831
387374
429431
787131
768430
655537
668138
661584
652204
727683
730106
626456
825007
664546
765072
985859
663056
623384
661187
807125
873909
718231
533946
615858
732087
748984
762299
577014
564651
590663
783104
710034
631667
570875
680459
691442
771703
846112
706678
702371
669255
281074
678017
817180
868203
781544
778396
558688
440820
1484206
1238534
633571
825270
724123
930471
1339353
1026517
541780
531880
776667
872035
700758
687500
716943
628540
1211008
946014
619308
563494
778838
1048812
958499
962837
1190154
1081039
704366
745331
654793
580854
1076834
867771
695179
1012198
545395
574769
866988
565534
587666
614929
919457
552539
420821
645321
591320
672660
1008342
1043707
1191693
706236
772761
614475
582251
645145
668089
510795
600930
651298
614140
616069
609350
572875
644753
603486
586550
1102435
1383294
1110201
1082260
968380
784308
844168
858916
809474
828198
742013
758385
787268
883225
812863
785045
736246
670168
794969
667892
683697
610223
664197
641298
630501
705065
716485
666299
689194
689466
744877
769256
751157
714730
651890
671363
821784
785202
526774
457540
464745
659326
766366
757785
301341
266224
454178
794167
772200
843969
511775
488657
820143
610698
800209
1117092
706095
606643
547672
545263
612008
589293
434363
707730
651856
391320
919310
668696
862882
377586
606839
605736
872108
827518
829005
601084
366126
384520
528109
591107
626803
571833
468491
524002
474169
485851
473853
506790
578460
581743
443286
535544
551869
561814
426920
533965
548875
520348
707910
681828
660923
932148
1062750
994742
891064
301374
505092
927778
919710
827453
768576
768858
806499
827478
733266
631402
502285
446420
504685
541052
542966
555763
322910
835769
538016
538285
593724
644732
700160
774370
617638
296859
977139
962666
823378
868619
900475
831489
1010991
816573
422368
571689
1047000
953805
823978
857785
857471
608138
676807
785371
714133
593339
630712
633869
913925
930048
772396
784741
846263
917757
701242
731656
694067
834161
892010
654431
680293
855894
945218
712995
609368
799087
725858
755371
707294
590515
639158
952151
820894
882204
649790
629002
988037
859283
814778
922153
906951
1065022
468571
974102
753689
866536
572268
756726
579300
1074717
858371
899513
859769
1280790
907992
876180
1042090
775403
672779
689257
1150401
1173928
1197643
1004677
1009041
887920
701172
744424
1068993
955510
687727
634884
780897
678470
331296
414607
428930
400971
463557
647539
717536
628893
608672
454037
684795
575929
1209577
852231
459447
763108
671011
529905
543060
636644
487964
694141
731371
1018778
866161
527804
486040
506549
490123
489344
844602
1163450
478165
1013791
896789
561998
467115
647320
794540
1006380
796615
816902
1222013
658772
777027
866733
859695
649239
485900
726243
882064
701560
871770
967495
883965
791662
704445
548350
536029
587485
573372
575061
583865
628198
543651
576225
689870
767926
816603
511980
520379
672264
625911
633194
689772
775540
895991
904168
880050
952297
791269
826585
970829
1004141
862945
860520
986953
845264
965354
774219
518948
631412
1088139
1182328
412826
1066896
1120745
1326624
1324120
1082952
719003
736113
855810
713815
589741
948103
1212928
481549
520813
1084934
944484
893055
872430
695579
656080
938559
1158946
607039
665445
620902
508831
525686
558842
561274
601208
607265
571881
658834
706033
619256
683350
599496
724804
758802
1067409
872999
363540
354204
770900
464499
645567
461936
433628
466805
748772
687850
705960
700416
798520
719239
782245
699002
720927
694012
628013
631608
707748
723422
653785
748084
811704
731276
476907
465759
444636
459736
438828
471041
454567
452242
428977
431118
408113
501583
493778
496833
394435
397932
404105
406102
411908
509335
1023590
899133
710627
792627
1152047
1045809
986610
887674
901702
1023042
889567
855661
808574
997382
1106325
1276258
1164401
1136892
1139231
1105532
1128710
1070393
1168046
1114403
901068
673996
722416
682408
630374
573411
409374
346878
296331
272761
372082
430748
388292
252082
354593
564049
488565
370478
403773
383244
343324
363661
357526
332594
299648
447245
1089023
934089
812963
831146
842896
885843
1059817
971942
1092647
1068834
1204323
1027886
1105508
1189762
1154725
992494
993324
1187200
1173048
1293647
1278391
1199403
616180
763182
1046524
1340662
1651887
961305
804574
1057546
961176
899759
895612
924700
1004623
769736
825569
909911
921943
871744
897637
836021
875339
1053188
845019
673060
646268
557314
617687
712064
702256
726650
631474
670060
704888
629066
551801
630408
731842
519943
692318
765308
712508
818958
778389
650451
801951
1293294
1025641
740090
170591
66390
44079
16834
13692
11716
18510
21290
23841
19251
34068
31438
31536
260836
470820
638154
210692
