50681
54314
24937
13220
439702
1005096
967059
880804
862059
860640
815820
803536
738393
737781
746727
764952
776805
770897
784457
803738
785003
843276
910373
898690
945974
915473
913943
958279
933371
870808
872677
811851
762768
1103761
1131992
1039381
1052004
999564
965418
961487
940329
868805
742300
636421
576801
530448
533009
527074
621580
660625
676842
725745
728408
755094
694080
672448
674987
676543
723320
706023
689925
878533
1257184
1213285
1349554
1054276
724191
987200
963846
746365
586677
494252
533800
662848
679363
758780
800856
841165
714354
563578
547312
606385
677528
684207
603931
561946
507859
491168
537501
558654
427048
835155
723152
737689
617917
544941
546567
663613
619886
1153798
1073247
923212
904324
748486
759047
765195
762578
713610
667647
712835
791359
736828
598155
562408
524685
483340
540301
713389
650368
637522
587804
625939
643555
1017307
971651
1052752
1103541
1007265
987996
1130274
725315
465719
623617
744267
694046
322852
411237
659712
553582
561067
579529
758315
571343
459773
646268
512774
1006644
896612
547445
538933
228740
158774
395783
1095175
1193850
1139119
1290389
1211320
962292
1025542
941169
945577
911419
902912
926810
1140796
872269
910485
967146
821213
828850
846454
813190
858514
778416
718202
726346
663724
658630
419650
665849
677407
673901
723306
852211
734360
699929
789316
795388
790617
773886
847293
779593
736887
741217
790709
730786
736730
698631
731674
740498
783422
955531
827077
796005
724672
746824
742506
757220
727952
786438
801440
702173
671816
668152
688395
754423
804479
794151
774698
791011
714690
747166
689997
701241
709913
781467
726092
669195
673673
703130
731971
726141
752648
739822
762486
786651
803906
747220
823623
745893
687108
703490
683897
653446
699886
704161
750555
676492
705312
711999
718503
731935
775514
776465
794078
681527
690280
700952
706442
673377
665135
685849
731909
865325
868967
1059631
973284
888742
1048629
761975
1095292
1331694
1134445
411436
395517
567381
676670
848278
1134740
1223348
1238254
1087200
471623
708658
679048
993367
946293
898638
468764
489874
1215579
966154
434555
455076
897093
607188
370662
716527
562397
538711
521471
407530
432086
738470
704770
444384
483059
640322
806829
778080
847164
781352
627775
756035
1259752
1040320
765505
622099
597122
505716
337034
330341
417068
504166
344120
1331342
957473
683964
730467
859122
719005
703223
656872
506511
535850
680971
723780
733915
752196
746799
704194
852173
915369
907613
967789
1197377
721440
850072
744962
673840
674884
813228
1135410
904636
825141
977341
770912
639750
1104012
1455552
411220
646541
686847
1307614
1251620
868284
1047438
1197696
1100616
1001790
547201
281061
302060
625095
1252943
510468
491224
697664
1433583
1072870
765395
700472
532296
248175
212639
266482
189308
220194
438543
704394
603565
594712
574922
564632
571714
159773
4594
15414
575834
828896
741619
889136
736679
919967
994506
870545
933486
973367
779906
955094
914579
822704
879152
862202
676279
839614
857806
795569
927239
786201
791051
887615
727244
1022526
925830
986715
921147
834625
806216
771601
771986
714887
794994
822124
814613
873766
577200
571417
590699
597138
633736
725872
1012922
955526
971606
925515
912448
980020
793922
898938
555662
679200
701774
836101
1423677
1004143
651040
588784
672830
634780
673944
722084
774922
840199
867888
980568
829336
916859
805010
766180
758280
862147
782534
640794
809564
756505
728554
757839
639244
652432
695537
579490
769258
657887
606353
652797
752186
738068
686614
539976
423883
497733
576956
711525
713406
673704
632332
641018
586250
561381
482638
427522
529395
934378
1100778
1252358
885631
740425
612165
461006
231835
197435
320976
616868
597065
807151
712831
676416
808878
741275
693095
670504
860447
1322028
1225731
1158300
1053396
819818
1239545
1335038
1092415
1019735
1234433
918639
1143310
757218
513975
485481
245100
516480
880508
787590
850319
1528179
594096
1290124
1229775
1107950
842855
755010
635858
824621
1066043
1094050
896796
900976
1436175
1192363
811152
841293
1413442
1223827
792385
1258408
1029670
738175
944554
1289166
1103181
1083545
996628
907285
808316
923212
1051782
730911
842061
796682
202786
71876
84868
47393
323642
148113
156602
225384
226427
221596
216470
217907
242598
192626
74286
121143
157809
184929
215387
244964
331199
382654
428333
674443
662288
137908
480223
871474
938540
309351
360447
192451
59697
95303
376050
1420927
1029953
807607
721460
715558
722027
1246206
1127789
1107077
1123266
1140354
1142723
1170759
1276311
926311
1132141
808351
521412
942822
823675
895765
1002937
988433
944240
767371
756677
851175
703704
600505
507335
573263
562335
783445
790638
928156
1068590
777973
419070
605872
673170
622547
663386
720542
623561
624496
611235
609828
632820
664047
648600
639132
574145
835796
941394
831999
665517
610096
608098
632771
628241
622426
593708
613973
558504
497081
460839
431397
399851
399313
514050
930738
916477
1074209
1145855
1049546
948368
937874
969162
1011726
989111
793490
676746
789547
721666
817013
975461
1014859
1114502
699265
715226
849648
824928
735024
738802
779878
845350
1052049
990254
867186
785283
631152
554076
604251
719814
849682
885471
900331
435212
756319
1195444
699182
661254
738809
996451
1253470
931753
737202
739411
649715
622724
639977
676919
779056
791005
721594
712816
753397
886644
874968
291947
234597
327894
352473
508839
963646
650696
804237
903498
639949
419054
442356
492287
561820
620003
784871
748199
770190
775790
916467
1112419
1094349
1066452
1034088
987278
949895
842502
795761
660975
615794
557399
571844
551890
538673
515218
505723
388749
380968
405794
415970
445383
467097
483482
410372
728262
586126
1109724
1259660
1055857
880516
1243264
1143437
852429
1209876
1329798
1095453
928684
1461273
1173168
857598
1020247
914334
865059
519128
466310
578570
453069
45606
61107
1225792
989078
939642
1097603
939894
782635
681677
575070
552741
587576
589673
600828
647688
682023
685230
710470
738138
725452
796674
814013
961816
933063
1107388
1188518
984054
772359
726917
712496
660226
626638
759367
692215
657863
766826
864680
865725
810933
695803
726457
946689
928855
650810
806238
763419
767679
783225
744872
708204
714085
706225
690255
642931
796457
852206
850703
802631
663946
687573
667459
580433
538498
478259
646299
693158
692781
721264
722625
766392
768056
802787
822211
844438
941332
767708
803260
791927
892016
840921
824192
866267
883985
960973
819687
722508
594126
601738
607629
576085
831146
675063
667950
692772
716164
945805
904361
553744
586908
617440
731102
763332
623847
924543
1218509
991250
434136
398171
793201
794392
739976
758458
731641
798674
992647
953239
1094756
937173
650552
940121
847104
440702
489624
485245
544869
726465
874871
880527
888149
577353
826396
801904
792540
522473
819791
832180
712500
571421
812259
759650
584078
617335
836531
958067
913498
929529
671213
527972
510810
543320
907871
933856
879588
941286
978345
889111
870661
1012358
825704
909238
744732
421199
527442
792184
528353
818494
976187
936256
867210
564935
650546
623309
624361
661733
694994
686072
699771
649233
664229
670345
989011
528030
629670
1081223
1027570
1016395
936925
895235
919824
913845
1001553
998430
968618
929960
795800
703215
801881
808224
890763
916613
758959
801817
846700
861890
1101373
883829
512201
375558
366497
395550
367801
371015
401883
491001
1394157
1374407
361139
376261
375529
1054559
1327635
1188584
891487
348625
1222781
1293419
418796
406441
417276
686377
681943
592093
556894
464274
1079077
1257901
762140
300846
309083
361174
240325
344601
482117
881559
798752
815392
637915
349253
497620
480375
517720
452709
421018
462891
459082
512690
432182
441543
584532
895833
1055590
1409690
1099141
1156394
1116534
1152845
1067995
1001580
1293780
905087
436323
551996
506352
530338
524572
517937
538602
530642
511889
511950
507142
526174
515911
528305
540572
517078
538549
542806
580368
575863
592717
629479
423108
80759
717520
1116561
1163984
1153094
1154601
1131023
1128908
1142941
1002556
1182443
1112741
1114501
1096165
1013826
1160009
1215717
1003493
1225433
1228958
801445
1410147
907547
923105
829986
963469
949077
876870
614283
661853
707830
728196
745381
639567
454270
526208
448420
424038
503450
578660
577927
601804
633792
723796
768038
916363
944914
948464
830845
787267
706376
633248
645602
653457
631219
650992
702927
709141
790599
774586
814270
757376
695655
681326
726336
686371
662738
653558
604364
580210
1033168
902566
543623
209156
507050
985851
1157457
893977
1060272
881647
691702
583105
636462
734452
773982
778439
781651
786714
845401
835717
1016238
1084381
1013032
871625
805363
788066
637631
569606
594132
538173
653079
718577
650537
645333
659788
682889
680336
676668
679920
852241
924386
834350
818541
833766
796915
775472
801544
822966
793543
760362
728337
401743
518186
697848
730816
771566
790353
860503
765373
790435
864005
764313
784008
666751
608026
514581
585986
578080
579935
787011
959295
978305
748254
601215
515452
515841
543616
603636
632434
597855
752368
858420
924011
966572
1039354
980897
1145723
796489
714125
601464
623218
543706
670754
879801
1025003
1070158
1046791
893400
684947
691074
517607
838937
971601
1002054
895718
859015
887787
769977
583928
462527
534268
819348
1043214
1124977
1193065
1132874
1092246
756377
879650
946298
729831
591009
915891
1136716
1115147
760866
565492
795003
992796
1160995
1064635
1018186
950709
898096
873711
964264
826559
506051
496241
423677
450902
404707
339709
942779
1031873
979075
1033075
1107011
694946
230252
234720
265894
177228
204363
164414
260633
325845
348499
600570
731974
726598
772684
818609
805513
821009
788356
710251
702570
648036
811469
1227839
956281
793206
504957
531719
448609
500959
494732
889045
996479
764832
761852
666555
852045
858725
876210
820890
696777
638362
660833
665208
1148427
1175799
1144080
1133546
915431
642764
601737
607428
631801
622476
583073
554283
682866
602992
738963
751899
938523
979454
1152481
922883
834043
727569
709216
674999
651243
460886
351779
343265
472442
558483
1059226
968867
919803
1032466
927109
764149
723401
723967
1140374
1384783
486303
1482851
909888
760342
861842
911548
480682
518093
583520
394896
370924
501186
511551
504444
514340
524339
753731
660325
554513
645774
603727
713509
685758
647039
648012
758055
1086723
1126452
949717
862635
463851
306228
678870
858233
701290
686998
644506
736980
798155
482301
488401
631118
697483
905965
1003117
950592
880512
1308102
673148
454509
447022
912844
1329091
829305
725983
701554
621080
587982
483575
455660
414110
586680
625280
544673
675744
840806
765560
760786
740233
695457
743962
766893
698006
803245
799321
705208
683835
628508
619968
629214
601058
657434
724645
586461
628874
602634
776656
1060920
1024151
972802
1039509
1106206
1233524
1323519
929802
1345004
882107
884031
855653
646821
639282
658590
546598
557167
594842
641820
643813
763728
693318
766418
832761
639965
690414
683156
811654
748885
627769
725699
962490
812290
671160
656983
673438
780411
739840
756847
978903
780452
784100
762476
862804
718922
381544
608719
1104423
1097419
699443
643916
757408
553776
812449
590208
515289
708656
1210622
1004495
646471
933874
806709
819622
749614
660008
721193
704865
597571
610108
959095
1231671
1047554
1294409
1348142
936620
1153255
1065712
673957
663091
569937
647343
672877
670944
743455
736747
702368
654136
661114
722882
721179
659518
618169
650731
862104
854101
775116
663065
599120
914914
958277
776009
745101
716519
720299
793210
1019869
971075
847306
892955
865796
824113
830391
525633
510150
764474
575668
469429
483948
446969
453645
523327
399585
334562
563335
594266
565547
625874
581167
782881
734822
743339
1304128
1133402
1112833
933675
1172126
925314
529570
350683
263230
607756
816466
879722
849377
839256
798067
925108
950069
831520
939888
880099
843712
957942
554889
509197
517106
514699
574884
433037
210288
434597
713533
675525
698985
696507
738165
564384
558771
448229
356263
330938
292267
392215
553960
672770
654964
736860
684942
643514
672363
831028
1085318
894225
778226
777491
1131193
1377043
761833
1223023
1151921
1133761
978652
1158138
1126581
760177
660069
569308
556857
461168
715648
689314
687314
671460
599225
491484
785883
566762
540322
495761
748978
1032560
805081
623090
676059
762241
987408
1247781
1083738
933328
792240
710223
938831
999309
769439
521368
581686
714711
633459
613355
630876
818042
911503
868673
685672
815928
678122
642786
754796
681305
618103
515773
551823
541556
539964
489071
376746
288259
322372
355164
424908
624252
764695
648062
609491
749397
1332847
868934
783067
1049124
1046445
929403
840011
820589
744229
692812
605751
678678
759407
769998
675354
506484
886261
854184
864351
936145
927243
837967
856055
1308078
1340808
1148704
1240371
1098889
1132233
870570
1279598
998269
1017304
503474
325427
326159
452582
661855
661572
612649
558579
511252
634054
1128784
664906
631449
631437
567376
802265
682855
688840
786914
709145
1026931
893741
623860
730822
533612
413813
616766
590419
610999
612844
554202
649518
832054
871858
772956
972491
1076426
998022
733266
526046
647334
693357
657965
815914
697491
654016
740127
558713
896563
791549
699193
638698
897893
774153
592221
794300
919328
789132
581285
1094735
978703
980469
901582
1180792
1088272
1028958
847056
445163
1004295
1078971
880484
1122790
1070045
886520
906628
907833
1017397
837414
937129
900784
855812
821406
664957
612503
539879
605200
624425
638010
523371
473691
497923
614631
473852
479558
452906
418891
697536
519815
483875
619121
593966
574708
656144
811663
803402
694143
862312
975735
928620
874845
807678
752123
690530
952099
917666
784412
754167
781016
828334
874184
814741
631014
731999
480564
598864
837165
895397
855779
899349
441613
408172
421043
552950
580752
402605
550764
632964
676934
672444
541020
527308
573698
686533
653600
634251
550589
769391
843262
878625
831241
822232
822301
745264
821419
910892
833028
843922
745000
682134
656021
666294
509179
501249
495017
503185
433640
435900
449838
472790
483200
514345
518771
539016
595663
731768
743678
744456
712984
728610
758616
744567
735247
725275
694243
716702
896524
1131092
1261975
1418571
1141563
1199180
1155685
1117432
1132800
1128487
896579
1038648
1136386
1116165
1059743
887137
1220119
1221516
1225260
1125019
1211794
1102714
1085555
1059939
1160639
1223923
868035
1324547
1073680
1104513
232764
43442
32708
58214
61586
71770
87025
91397
81173
80530
92551
102492
101332
68353
158343
1315726
1074258
374040
24446
