8166769
7786789
3289906
1969666
5664760
4889615
5228823
5376919
6999806
6104490
4336621
8051664
5972960
4265356
5226195
4835456
8274614
8650967
7918753
3687530
5905320
6970288
5519504
3701009
5953364
3828614
3567571
3460052
5549013
5523612
5671274
6159599
8595035
9161365
7216046
6581442
7054226
4394546
4460233
4860890
5564429
3265818
2527422
1891181
5202649
4785320
3397983
3836856
3171481
4261766
4360799
3976778
4092423
5531669
6286891
6511807
4643102
6953316
5622882
5008261
4198929
5115329
4030307
3354753
3566768
3549542
3385107
4310399
4227803
3727693
4350586
4171502
5021969
3528649
3662048
3620035
3672269
7387144
7903535
5223008
6210000
5146079
4534836
4631548
3635049
4856041
7528340
6449032
7574864
9051152
8277115
9176794
8623343
4639689
5458581
4611035
4071959
5096201
5019717
4781303
5105565
5459378
4600979
5620059
7100290
5610513
4758715
5251571
5741399
4492751
6621721
4967858
4131639
4272999
3954763
3183358
3743914
3613086
5265942
9235984
8231614
9501951
8453485
9212143
8990331
8608057
9263099
8595639
7987183
7596128
8639001
5922124
5990449
6680058
6289329
7315047
5968966
5451954
4927009
6324652
8652421
5945954
4599280
4811621
6445095
6420646
5124097
7414188
8821660
8998371
6908193
6060429
5800472
3829214
6468478
5941224
7952706
7301498
5138094
4899698
3298873
2968361
3438150
4822246
5428903
5919483
5443895
4961981
3464574
3098038
4250837
3491481
3297341
2759972
3687795
3145328
4363191
2939518
3507732
6206191
8136221
8428854
7532576
6585272
5905344
4466390
6036926
3959681
3866802
5325146
4821758
6088737
5270839
4513666
3373494
2874762
3821143
5057882
3121332
4401762
3191102
4496705
5209815
5153699
5365794
4157570
4267908
3684403
3689226
3595719
7145374
6221805
5897794
5593233
6274495
4611315
5649852
5472002
7027694
4074363
4382461
5679421
8386645
5969642
5594393
4585095
5529240
3169040
4220247
7985726
5981938
4920235
6636272
7117899
5813229
5118426
5270060
4316158
4043658
3318698
4128411
3314569
2984889
3597380
3316982
3100980
3735612
7003099
4315413
3042937
4046392
4743286
7272256
5983959
5798344
6134961
7749321
5138880
6561546
8912576
8059875
6459817
5324950
4452284
4027512
6410817
7518605
5309512
4850354
5292020
7104838
5392924
8920181
8840441
7646153
6615566
8498780
5086311
4469513
4120878
4492651
4295994
6428434
6818120
8902837
8538681
6900056
3696638
9146260
5914428
6461182
9097230
8482053
6930854
7264213
7474468
8055435
4882037
7785315
6244396
7744482
9290927
7956606
7995812
8833100
7137118
6344281
7184932
4720359
9098263
7525865
4797669
5774763
6016430
3912038
3702763
4290589
6221333
7102679
5730893
6150402
9051072
4524751
3767637
5615913
9067074
7972598
8364483
8462535
5574427
2432225
2246512
3583529
4742203
5033911
2577049
3653400
4627570
3497164
2933332
4177962
8058933
6479193
5947177
6668992
6147202
4994733
8020017
2891245
2954304
3036452
2972513
3174042
2782073
2878633
3308171
3186137
2660522
2934179
3375223
2450895
3175055
5001681
5604847
5349452
9019406
4785371
4084798
7766667
8340799
9223874
8864319
8882512
9042211
8701161
7414909
7222731
7824366
4739761
5725892
7870116
9025541
8249386
7828040
9270736
8264342
8367442
9341288
8783077
7286463
9027335
8405852
8897072
9471247
8696833
8730498
8986093
9426407
9031029
8734248
9306824
8825520
9135135
9077826
8777219
8541373
9164448
8887170
8975497
8434662
9134077
9075758
9017231
8961764
8948893
8807053
6024254
7369800
8938732
9037502
9111179
8153193
8674089
7591778
9222159
8882501
8895182
6801817
8359899
9058166
8899042
8955438
9387319
7496322
8355722
8957187
8453816
8514867
8392193
8726966
8304105
9163484
6637751
6521638
7423571
5471339
4069592
6875060
6859734
8304681
7081735
6685100
8726952
7885837
8113694
8296885
8567405
8107686
8828744
8589964
7698423
7920725
7626383
8475428
7410811
9057323
7827532
8232686
8724571
6925501
3619688
7363631
8081443
4463924
4680070
7555610
8464992
8574280
7519408
8311047
8497577
7411356
7777282
5910832
4586615
5353629
6028863
6375089
8167054
5558032
4066030
6114742
8506369
6074092
5027836
4688216
5643022
6522982
7793237
5990173
4426620
3591360
4561415
4293276
4404562
4150444
3310820
3411910
2042039
493159
378080
1794439
3305837
2430696
3312081
3357678
4001925
4156214
4492206
4572757
5048628
2692510
4610634
7776187
7046933
9056233
8147268
5529430
4585093
6993709
3339671
3236133
2873294
8609156
7211733
174419