2738542
3736490
4395511
5725866
4432415
4746243
7199437
7448608
6194496
3527417
9258563
8369738
8503429
8548262
4044276
4300298
6420710
8573070
8554797
6730017
7926176
8388672
7764706
6287701
6298977
9568453
8123811
8879995
6630254
8857894
8466286
8242841
8783241
5470018
9535358
6678285
5474866
4961924
6247869
5376849
8038175
8654790
7782769
9357932
7887587
7212525
8631122
7709996
8983814
9131802
1574284
217981
729011
1360704
1327673
1595519
2118815
2530869
2303404
3371725
3454964
1807282
431302
518486