537255
1020838
5147947
4831057
3649888
2474914
4362648
5047101
6089648
8069252
7245630
8315139
9310089
9156469
9341540
8564993
9268652
8636946
9556076
8826802
8941393
8691147
8643481
8900160
9575680
8955539
8339436
6880403
4796475
3289113
2672486
2466231
3817103
1533223
2609124
2879386
3815239
4113315
6799504
6448980
5429201
5889071
7487782
6565491
7726534
6388223
4757817
7489608
6204742
7270529
6037554
6784631
5145531
6527062
1200124
1460138
2683654
2326030
4040925
5539747
7388734
6022218
5691922
8082611
6043192
4482806
6525840
8892468
8795545
8317781
8840222
6675996
5566881
3845380
3230095
2512423
3303338
3797643
3836397
2627054
3339007
3930459
3408835
3535591
4439700
3674770
4972072
3848146
4485499
7285896
3016138
4482289
7460523
8218853
8707510
8607264
8153763
9315664
8474958
8241534
9566344
7653716
8131791
9154587
8165926
8219882
7774806
6819850
5867727
5849235
4671351
3034018
6447321
7241761
7728405
4994179
6518630
6739728
5325265
6965879
5764644
7313725
7768536
9337476
7202718
7965739
7672689
7793797
3524215
2722809
5244396
3586037
8227489
8728752
7005892
6033618
8358756
7285459
7058724
6816923
7444515
7932703
9046073
7827848
7946520
8985196
9255506
6026853
5319195
8068470
3812317
5485997
4852861
5343832
5646353
6331426
5192598
5608220
5987350
8326930
9084745
2819047
8969773
8287918
7541788
2761024
7734782
5658466
4815497
4897153
6149393
5090908
5336251
4336181
2852980
2338400
2337421
1830424
4088429
3183885
4956478
3285505
5018819
3340146
7797063
8070115
8489213
7749631
7521002
8900606
8342762
3544066
5194255
1842339
3379129
5109961
4321541
5524136
6938134
5646300
7103260
6024186
8104354
8723757
7180611
8605469
8598280
9459897
9204848
5986306
6042700
5379387
5883609
2293228
2153079
2848363
2232524
525217
3651328
7520101
4943488
41443