4448078
6657169
4105268
4068016
4358212
7011232
4936991
6969862
4295742
5939642
6766132
5803962
8423130
4646667
4707366
4142806
5674243
5797076
4853454
4735930
4485505
4463077
8514029
8907032
4749300
4479640
4300781
4345815
6023355
5139859
7359530
4235514
8615223
7352676
3932012
4246471
5729783
5929613
5372451
9250270
7187533
7807753
5442017
5607404
2724649
4256331
4223637
4218217
4981117
3994538
3941492
5133488
5593076
4193237
4732843
5406944
7067667
6452348
4653830
4232158
4606158
5364841
7116771
5313511
4172148
3943393
3836649
3760580
3746618
5820379
4216422
4070647
5024313
3536663
2720304
4564165
5178282
4385346
4078606
4348138
2754363
6176771
4580632
6092081
5638447
6740099
2324375
1703831
612744