8056329
1455006
1062317
1987381
9672529
8476081
4214599
5136584
4792572
5665999
8877232
9097080
11595981
13423543
8074882
7532991
6730315
10090754
8389247
6289101
10218586
7179593
6819282
6039312
5862775
5525973
5359126
13320720
7170251
4187563
4017462
5270330
4165395
4702005
4158532
5226624
7591986
9521391
9295078
6903875
5872482
6856413
5621505
6877440
6943037
8466822
5437122
7971630
6961502
5758909
8669817
8829448
7293721
6588563
7346842
8649661
6877967
7570943
8229427
7820785
6516502
6711420
4643487
4073043
5847973
4624954
5193245
5886871
6731019
6495735
6129390
5221910
3477573
4420927
7679174
6113865
6955015
7958154
6613424
6955114
6592603
5731914
7637083
9026272
8017917
6843854
6192747
6962220
7121910
6665813
5646609
6267306
4383681
5553846
7775342
7620202
8611449
7775510
6981775
7205324
5745204
10874969
5919621
6542927
5112772
6419607
5147364
4240429
4439731
3833317
5939959
5805437
6179172
5162399
7723943
6406868
8740479
7656965
9406391
7185117
7205318
5470127
5738390
6548570
5237273
5740183
5238273
5438049
4519245
5689293
4845923
3605979
4541502
3531196
4526201
5139092
4901863
4541545
6167940
5479312
4617530
5148386
4576178
5118859
6538684
8890447
5372960
4793513
5335967
4239477
4743946
5131516
5261539
6259513
11058945
7729250
5790246
7459421
3278260
4041088
3637365
3900242
3248846
3860722
4027500
4220642
4073297
5025658
5209655
7048364
6217864
6231535
5833301
5060998
4003459
5880810
4745995
7597966
7565685
6755732
6895055
6421119
7026988
6099864
5723931
8108715
13054194
9407387
5973207
9275087
7326157
6720510
7188834
6563866
5925324
5766714
5867367
6072106
5767467
9008141
8396208
6322785
6293167
6160644
7305811
7091301
6092801
7691210
7875598
5790012
5976261
5661417
4745468
5558566
6700481
6473711
3154019
3556952
2554239
2661441
2956499
3166693
3308487
3400713
3544612
3606141
7215138
4700841
3378426
7212530
7436356
6211040
7079925
9457868
6463132
5345732
5960326
5797195
5476481
5055522
6217858
5851409
9334601
5412690
7963913
8263559
7439607
10361002
10566248
6873993
9286624
9308809
11098792
11826669
7093092
4876838
4886024
3790159
5273208
6693752
7647733
9226096
3810899
3630271
5495787
3199012
3774905
2458155
4260237
4120780
4466398
5934869
6198903
6857873
8412921
4959496
8299464
10904402
9016360
11860122
8094623
8055929
12632898
8694810
8667765
10920961
8847170
7710068
7533286
6775456
10670256
7460237
9409160
4279476
3824809
7247026
3392443
6232539
5198718
3361934
5092925
7233305
2422914
6008125
4714057
7400791
5319052
7034894
7154613
4421722
5578403
5687518
7975545
11102774
7342675
7947193
3461916
4189655
4808156
7658475
3501283
3322531
7169116
2500613
7626843
5101805
10864068
8415914
5919456
3874905
4027717
6076838
5068685
5441011
7539769
10324463
3772951
4992162
6509742
7909866
8863858
5792548
7778192
10705053
8343511
6954399
4814351
4497503
5177160
10850708
4040896
4500209
13377563
9592639
7209099
11827583
10770002
7616069
5060319
5078810
4005931
5349622
5961567
3689354
4202130
4566204
4882111
3387906
7271881
6017223
7233716
11498327
5497645
6949354
7281800
7614566
6475504
4912167
3524973
5998375
7335872
7225081
4961387
9992713
9193253
8489397
8651391
10218207
3772226
8249720
3219001
4565077
6045859
6065376
5339929
8675622
3802558
2128179
2198354
2428934
2101826
2100174
2519845
4311772
2040924
2710103
3025386
2280875
2742823
2735117
7021531
7388127
11227591
10863741
9783649
7442647
7175839
7680206
8843425
3872527
3904899
3263116
2926521
3357082
4773311
4284830
5375742
7604624
9866472
10373184
6925632
6541648
5476751
5580324
4205745
2991842
2785067
3065694
3979345
2701335
4017928
6289838
7509774
7760307
4664889
4856547
5394272
4562333
4096453
3762735
3845437
3580877
4333270
3865204
3287432
2689840
6102382
6030800
6585575
8252240
7485998
7362296
7732544
7166779
6372638
1798130
5086209
9089632
6727177
8078705
4535640
5244759
7529379
7600043
6313623
7237737
5987267
6966435
5120308
3025221
184150
116359
165237
156841
487755
2744703
3235405
2712536
3659257
3100632
3377930
3491844
4395252
3729266
4234077
3765995
2600734
2898173
3201944
3071991
3655901
3264273
3341145
3036418
3121769
3173224
4311650
3715642
3735426
3636328
2412913
2445848
197363