1524006
8652863
6753013
5593901
5788335
5701882
7187682
8420747
7305612
7211542
5760790
7236966
7299462
6098849
6554450
6818647
6172377
6334363
7250465
7010135
6592182
6845530
5731806
6357901
6733900
8364189
7578440
8136841
8141294
6498115
4562517
5497478
8348899
6242848
6154327
6220467
7204656
5862839
6525438
7093529
8627760
7640272
5338327
4308671
3519466
6104044
6128292
6679815
5375369
4803779
4390595
4389299
4586011
4406309
4520205
4539585
4773105
4130998
3548673
3977429
4370587
5870678
5649475
5917549
4777109
4743890
5227839
4690732
4596989
4738772
4684414
4707443
5635594
4436458
4697013
4664738
4659567
6893132
4937360
3147318
5739502
5324920
5313435
5967707
6307195
5114484
5896024
7737884
7704636
5364322
4667527
4480989
5127257
6924237
5437115
6439955
5827305
5976765
4793568
6408423
7901584
8293367
6084685
6138516
7093126
8221011
7044427
7264954
4801874
7211587
8606235
6273906
4835729
4967951
3668193
4264826
4438260
4127282
4133045
3888538
4317691
5297680
5609636
7781099
8478691
6163411
5611242
5710532
5721485
6270766
4906279
5515445
5725264
6591474
7794655
8280049
8340934
7302599
9470392
8884121
9288121
8412764
9294609
8152591
7020757
6308523
6457324
8634786
7290858
7560928
8885764
6607469
6069341
5207719
5245524
3487831
144338
441459
501354