6912042
6622595
6192818
3195423
4834609
7559029
6670876
6328800
5088373
4819671
5046360
6282143
5930745
8230092
9297204
6780080
6042904
6601102
8576544
6086531
8579714
6224459
7042227
3498831
8159917
6181304
7351762
8459667
4874109
8042344
5355152
6801857
7068644
5374640
6279045
3909318
5744887
4562303
4061495
5027720
4635753
5563520
5076780
4401704
8393200
4349869
6853722
5211706
9212462
8406531
6491921
7036186
4801144
5546424
6044454
4019848
4458565
7527885
6259308
4170999
5719438
7561747
8480363
7587958
5680996
3491127
5635346
5724225
9264857
5912538
4281511
5672444
5329043
7123473
4877647
6358047
6434656
5994897
6405044
2617702
241170
1241151