7171009
7480846
3003027
3655962
3994513
4518550
8674640
6553815
5874690
3132007
5342668
3449768
3239776
6693801
5022605
6732254
6063733
5179884
4726076
4176684
5477647
6095001
4546382
4818486
5208081
4484652
5438324
4241625
8384557
8343321
5724912
4509660
7977579
7259580
7425244
5524716
7080820
7346797
4646578
5574453
4230831
2931471
5527676
5730888
4647405
7814869
4753559
3793433
5401865
4204292
3280848
5830784
8209248
8817986
5903511
7393860
9078893
8817967
8944816
4365217
4340204
4923735
4446303
5049582
3818616
4770669
5899856
5620507
6745934
6497736
4562831
4960998
4891853
4604381
6105639
4605714
5500084
3541845
3396350
2921511
6534351
4968227
5430601
7653854
1090120
433372
1019644