5411642
6617164
5834910
7427815
3874579
5717208
7496695
3573211
3883916
2504964
4748474
6373206
5270166
6072646
7421693
5202836
6273860
5842714
6260466
7967845
8470878
8353818
6613279
8423606
7098269
6926093
5839386
6224183
8514028
8271037
6556980
6780022
7478959
6320126
5724146
5675653
5204677
5551871
4992953
6591507
6484574
7022098
5463430
3647177
2661233
7165426
5491718
5476999
5680297
5801250
5684125
5178884
5800432
4746871
6446555
6971790
7780691
9439701
9268234
8570206
5819139
5686015
5156915
5694094
5324105
5393328
7272691
8287412
8183108
8822974
8388039
6061714
5496343
5019519
4758322
4551908
5992427
5350138
5883486
5691327
5190307
5349094
6407054
7259619
6125331
7067956
6406167
5686936
6126403
5100682
4898521
8133962
6406471
5468690
5611143
5380440
4464132
5964743
4749067
5084225
4999577
4131792
4213601
6109524
5909905
4993087
4572165
6020829
6554390
5917022
6429711
6043754
5845706
6420519
6771802
6881454
7288030
7569380
4357782
4780958
5664983
5318808
5938262
6409657
5948461
5891201
4938168
5245643
7225330
6445615
8604630
6257062
6605934
5206965
5047323
5377157
4850934
5673566
5318685
3581145
3502881
6545076
7350212
9127742
6466122
2768548
3271687
5104234
8154188
9089708
8857534
7317726
7191352
5480318
5069482
6513177
2089033
440770
1319666