3435813
6329908
6573239
7222376
8016375
5355187
5534822
6819800
6906361
5554744
4680336
4982057
6633133
5909099
4710168
7009814
5694086
4554558
4536190
8313470
7551437
6631985
5208813
6283000
5946227
6316535
5803586
6070615
5696682
6142497
5628436
5890298
5535471
7561845
6500161
7347791
5825733
4156572
5443078
6449960
4727260
5395014
6109397
6737977
7170430
7675116
6308462
6203972
2883300
3061595
6914834
6863283
6612339
7040646
5759700
6734763
6869294
5722527
6764320
5977181
5365940
4888161
4534240
6218576
4737620
7724776
8802933
5036671
7983847
8222176
8241754
8163115
3100219
1655097
1522343
4575863
3844179
7570990
8118362
7121920
5372400
5758764
5135129
5706177
4607543
5811890
7376023
6847539
6815933
5896915
6383002
6251171
5811427
4745880
4708539
7757033
5546060
3596478
6100580
8683457
7277117
5390467
5310094
5799688
7386611
5893540
6329204
5757476
5901408
5259276
6541719
6810549
5246509
5818856
6178049
7006564
5124682
6164213
5709214
5890940
7413076
5567346
5904537
5581685
7420687
7007681
7061944
3281506
7452271
5685202
5695168
4233003
3819501
5791142
8793356
4136762
4159021
3963649
8708632
8897958
8330114
6246959
4152540
6368016
5411088
5949289
5666598
6387112
5920206
7052053
5029225
6149331
6312905
5536388
5578105
5747547
5428181
6867842
6814560
6663793
6531304
7044176
7591650
6533817
5605797
3078828
4585412
6515043
5119508
6597588
7263032
5158993
6770061
4753000
6702545
7611909
4622691
4669017
6269275
5507822
5384909
6629846
5734230
5213639
5952325
5131123
7211752
8100461
5045840
5866571
5910240
6384344
5846648
6422064
5669690
9036458
5378351
5390097
6402706
6706334
5365654
3799637
6471160
5895187
6889585
5717532
4437356
3681232
5450401
8028352
7538607
4872470
5598437
7193018
5772158
6051602
4692391
3804458
7368708
5911475
6487989
8995708
5564668
5403245
5895763
5014032
6342349
5769395
5876752
6523857
7476587
7870668
6169884
4451103
4265668
6306727
6533520
5740716
5311468
4584791
5589949
6630299
4758079
3847500
5760342
7579629
8810374
8991345
9037146
2678677
704853
2946813