1479108
2133043
2151842
2402776
1818038
1733946
2798116
1436689
692711
829684
887443
880068
318269
388359
705482
557556
2602817
2171881
445924
444138
720244
1038707
1556749
1573915
1755743
1353142
1037206
1082732
976524
1180145
1284955
1935295
1694315
1712380
1545398
2047713
1641001
1015116
1418437
2029936
1266757
905522
999770
1164572
2029086
2248838
2030682
1743058
2067655
1588205
1210017
1107083
1508276
1092081
956724
708275
1168970
1492278
1205932
1359015
1173799
1473840
864706
1323111
2393008
1484409
2307732
2089465
2179007
1985343
2015507
2471110
2184228
2576543
1856910
1301072
1258098
702324
755608
971500
1126171
1017282
1650542
2111325
2215594
1935033
1915300
904361
1040351
2029931
1264188
1185034
1133258
729209
748833
1089709
1349462
1908242
1307115
1388545
1028147
1036584
829456
934427
1066845
801833
734824
964069
760160
803826
991423
904643
1336334
1478898
1514928
1218853
1306825
1172549
1463543
1580695
1674403
1531427
1313883
1151561
1348739
1435827
1550606
1824427
2790203
1776974
1774855
2253003
1961351
2753265
2089613
2357136
2280170
2121225
1316311
1498340
1579821
1504293
1299796
2197532
1468680
1504967
1707082
2373497
1517897
1281400
769920
825329
1517600
1037959
815715
1088959
1250303
1194306
1183767
1232514
1032473
1439608
1686395
1405953
1276983
815710
609425
563700
768262
739877
553681
465602
523795
481888
593558
291940
429229
1839047
2115193
819180
1082940
1355934
1337054
1009392
721677
871373
1016586
788347
904045
894793
990184
1047834
915302
683158
744443
828578
1124182
1081317
1144319
911948
966398
1265393
1086584
1042424
972859
1145209
769298
1089412
1103001
871015
962285
1156122
1043014
946455
1494359
2047841
1631112
1063511
1813729
1778539
1728087
1608860
1655780
1519080
874769
1806342
991014
970977
1012264
1500189
2266756
2174107
1937141
1225389
1135801
1324551
1311054
1231931
1221174
1244102
1058893
1298316
781651
1060069
1600394
1321960
1242015
950960
1023454
1040538
1000996
965319
882246
708830
969132
794545
865052
861469
937776
902471
1003090
747861
917504
881087
788275
828967
808724
959141
1101965
1044682
958705
1205047
1438959
966320
977487
845037
860653
936067
876509
1054464
1293280
1060360
999104
997842
734219
930123
983670
1523490
1698435
969144
1139221
1215169
979756
826852
770769
951272
812330
937030
1010310
902378
932500
1051413
766443
869679
920098
915653
1019129
817389
1253870
1632442
1908836
2591996
2011165
1843552
1852921
2195897
1503892
1040073
1126553
1552490
1497781
1512202
1587099
1612918
1360312
1223480
1306347
1255940
1315366
1176020
1080990
962460
1387681
1414893
1025821
803153
886098
1148560
918425
681966
874380
1078776
1478476
1424409
1820726
1545317
1624626
2537671
1970858
2443335
1259386
775453
1740160
1677861
2480452
1676391
2780747
2242759
2123123
1904523
1958713
1786800
1944643
2586959
2331669
2058536
2597081
2189508
1913442
2289457
2268179
2152265
1725835
1002609
887993
1023252
958339
1246347
1684847
1569048
1067737
1262766
1191383
1089149
1017547
1082700
1030556
941156
872254
1428598
1450460
1344889
1264709
1476889
1110625
1167494
1149702
1218787
1119023
1293791
1403253
1160993
1234885
1306434
1696583
1868608
917396
976791
1161839
1143058
1274731
1021351
1239822
1562362
1355469
1462406
1369093
1929871
2273622
1527704
1435407
1525471
1390940
1258695
1354192
974428
1145766
1284329
1182635
1218097
1376381
1474458
1644571
1332926
1364126
1399776
1069552
1287742
1085112
1050345
1070948
1540566
1847693
2162514
1377823
1401942
1339810
848283
845077
1058503
1147316
1080743
1416028
923241
1019776
913954
684125
1031665
1204508
1034465
1162671
794558
601896
624233
675844
842709
1029969
1195392
1049368
706074
855399
1002245
1093300
777718
1359106
2035818
2336869
2406401
2317992
2174722
2212742
2041761
2050189
1926922
2532989
2095771
2478649
2394542
2047328
2061139
1943922
2401096
2486938
2091727
2564925
2068553
2173171
1994062
2367112
2455986
2280272
2387999
2099744
1840042
2490473
2444275
2206710
2121641
1882990
2129392
2099622
2483635
2309727
1465376
1790976
2421104
2299015
2306046
1468002
1523065
2634224
2341557
1830004
1833216
1579184
1469701
1697760
1175479
1005472
994109
1915711
2075157
1969170
1502969
1724296
1483623
1085633
1417555
1755879
2030262
2310161
2258768
1336943
1409175
2101964
2034627
924174
908201
1303357
1229167
1611032
1308398
1202075
1250411
1168610
1305913
1459916
2120135
1211344
1533257
2316907
2415414
1980862
1939238
1943592
1536596
1246929
1218837
1129392
985401
858606
1625881
987186
964992
1336249
1523194
1765025
1912540
1187165
1580365
1978355
1822594
1409872
1209825
2287336
840287
759075
1237399
1303287
1960929
1772463
2377509
2649353
2170053
2095450
1906804
2654975
1852751
2582015
1908630
1696850
2039370
1560359
1611614
1793443
1797977
1502597
966412
1430916
1568028
1489332
1312196
813036
1171957
1190543
653678
1279152
1496334
2017025
1675967
1832725
1271401
1629932
1207166
1961708
2078328
2190976
1721694
2357462
1345254
1793666
1805116
872606
911774
1188170
2165544
1360505
1175162
1268981
1095050
877767
854490
812831
753785
944591
644072
680148
699550
755557
730707
618160
1333726
1133767
866676
1100919
1720884
1548288
1400799
1177690
1302126
2031335
1435722
1202626
1249800
1268977
1535209
1335299
1304410
1280650
1640688
1453202
587441
1157806
853419
863583
589766
885842
976534
628915
606747
757735
999363
1127656
1366083
904877
890370
666255
1029979
968917
864575
750899
712950
679798
707509
696731
675934
991539
812924
904098
979234
786245
762877
718968
877238
747381
885402
1750727
979681
727653
591287
894283
726295
490544
725160
711216
1580812
2211320
839410
942141
2213320
1344487
2371318
2285481
2134935
2405549
2246069
1855757
1921479
2445426
1821266
1597566
1668318
1261424
1975685
1621098
1727065
1381282
1558464
1369316
1596282
1558683
1031693
1139379
736635
1108789
1248112
1128026
2551999
805142
1075325
1025003
1054211
1166364
1370356
790636
539446
904904
1580616
1439012
1400614
1345663
1261765
1189360
1024970
1420175
1788595
1554018
1325949
1267456
1517306
1537099
948978
1332305
1351920
1033787
795654
730810
658898
983364
1000422
774355
801323
577599
721485
659525
810772
925767
1425079
1367044
677955
1758061
1254822
968090
746969
683726
722547
1276174
1522999
826132
776457
788451
967065
759889
675697
1136391
993317
1071356
1295641
1286233
1364559
1238344
1320679
1514537
1420931
945434
1272797
1347468
1462562
1219358
1336406
919856
1005332
1328026
904356
1134804
1243951
834799
1054354
848929
857859
942289
1035326
744057
1012438
953084
979647
929723
964219
1084916
616861
1263580
1937606
1938077
2006111
1769804
1656027
1643242
1152732
1182565
1708187
1657068
1349974
1137443
1569613
1812276
1073901
1681642
1589532
1384541
1618780
1483013
1015592
1063775
1048935
1512288
1393244
998759
1745561
1841649
1648088
990288
991977
1857393
1488760
2440220
1241321
1167390
841493
928376
1137104
1109588
1019418
1301752
951703
1446969
1158754
1128558
1945140
1796987
2492192
2433506
1663960
1573029
1612442
1510094
1274077
1196419
1626322
1227334
1544318
1365931
1012589
1131580
1074995
1052421
1114628
1833596
1528595
676238
684170
1058283
750349
706294
1167504
1277534
1068915
2351722
2068717
1883053
1682234
1466140
1499606
1558304
1457888
1322336
1244106
1343875
1009918
1315310
1448912
1950390
1921660
2110593
1651039
1664892
1691375
1667560
1578969
1256722
1309978
1471937
1434352
1221247
990890
1238720
1301782
1256024
1473534
1104945
971818
1086345
1153050
939934
1104062
982901
1016761
934135
767345
669803
947415
1471601
794415
715898
1146497
974007
682476
839333
818753
697942
776389
886353
624205
761322
845718
1040223
950117
754596
844441
946556
771389
729272
962377
845664
563667
935716
1501582
607833
690481
1268975
2389616
2083107
1261401
1111932
1039368
1185023
979090
794795
973754
717550
556838
893151
1104130
758591
1290520
1614849
824798
943732
1359907
2672380
1257498
1360502
1981876
1322864
1261011
1394607
2005477
1609711
1435051
1221362
1532220
2098879
1352336
1351504
1332242
1668427
2540771
1957107
1583016
1282353
1324668
1235828
1296031
1365179
1334763
1946238
1915366
2044126
2046565
2093568
2728317
2020880
1665850
2153493
2219652
2186339
1411513
1567140
1294825
1313115
1334247
1484774
1192814
1221818
1256276
930558
1043632
929497
1030466
1103176
964373
1042561
1085136
2132477
2150643
2339285
1567032
2297772
1314516
982639
1522076
1453285
1351512
1185091
1214350
1324584
1126329
1150457
1377232
1460326
1304005
1742205
1240399
2280270
1841964
1550901
1627075
1164792
1050156
2631363
2480871
2159515
1648432
2177694
2186062
2047829
2428856
1626319
1726258
2007805
2285771
1300560
1224615
1481189
2609202
1963275
2550116
1858971
2126418
1490587
1381363
1085300
1129061
852791
1444395
1122830
1049497
1108027
821374
1141565
1049912
919218
1259111
1183318
1131004
869002
788120
1483301
1155571
1322788
1110014
1960629
2035003
1449321
1383092
1376144
2609563
2334983
1997547
1888719
2681588
2145493
1928879
2590481
1873828
2060310
1679098
2127730
1032918
657470
612558
908725
1517885
2367459
2616993
2145832
2015976
902615
1567638
2150960
1293215
1702573
1959389
1579293
1219927
2197783
2630584
1718280
2550583
1881748
2552067
2197201
1851037
2657801
1446509
1588889
1237655
1188106
2144198
2341595
1590314
2299434
1701470
1556633
1916931
1971856
2201920
2272580
1609079
1444946
1420799
1114496
901796
2531144
2024464
1799229
1430478
1464422
1783835
1654036
1342103
1555467
2267454
1603963
2317598
2274914
2205563
2347629
2462821
2289113
2000900
1159799
2506794
2263174
1807007
1978828
1946803
2634081
1928907
2164395
2105717
2038734
1774202
1177860
2146322
1367097
1112965
1813955
2050264
1257417
2433459
2193891
1300165
757817
666555
730786
2565201
2260151
2101581
2312083
2424448
1822516
2522255
1798034
1383060
1890461
757220
1022060
1127928
1435877
1351172
1298724
1688990
1872915
1874066
1289590
979859
983530
994797
1072848
860863
884395
867055
831531
1119782
1139997
1079221
1110280
961091
1207096
1717927
1566953
1729357
2193059
2183371
1280289
1445960
1337183
1343480
1492109
1558121
1229769
1001836
1501188
2417609
2482071
2008339
2137025
2423637
2509093
950626
630802
434230
736556
916384
681189
1433508
1579413
744308
1347352
1944840
2543508
1926005
2124756
2472805
1985073
1936206
2163487
1887832
2365889
2372665
1816668
1809261
2758903
2271356
1770443
1661833
2653224
1647510
493247
780446
823751
673050
503861
431563
600054
461895
765895
418668
746880
885823
1202226
748600
1139631
1012434
1242024
1348114
829576
1450990
1621745
1131600
877519
483872
711556
504102
599335
699487
765434
1589144
1807569
951768
947318
920915
917835
936051
882832
760446
800968
744908
636026
751430
655933
783210
1048687
1690132
1633285
2056572
2399974
1969102
2075265
1297880
1705775
1400273
1949695
1496066
1199051
1302365
1142485
1439166
1746251
2341090
1746647
1535711
1542967
1321877
1060530
1019817
1389790
1524596
1722318
2427998
2241658
1628043
786716
647823
739232
717474
697516
824902
673516
758370
672192
783135
890973
690152
826790
754220
652254
739249
645751
780105
955909
792277
875816
663678
624037
618542
867305
705516
655789
650023
679369
755419
940985
932398
780967
735901
938558
730711
796107
682178
601020
581217
580736
534535
734973
1083935
1137208
1029717
611376
596922
499908
649972
664717
636298
657553
677789
865525
974188
834776
803825
933810
2429270
2214087
1385348
911207
1094205
916552
1209854
1427238
1795808
2729552
1727959
2668580
1893315
1802983
1224687
757185
1000516
1023478
1018339
967449
1075532
1110079
1947679
2167233
2541676
1965176
2063046
2659667
1652910
2591053
1895876
2586968
2149977
2175048
2292060
2319724
2077487
2418655
2183990
2219034
2060833
2127837
2354859
2442074
2117441
2405998
2106536
2010717
2177910
2158322
2012025
1769985
1474577
1728778
1470588
1944933
2078432
2164149
2164036
1508818
1987363
1027208
1720997
891057
1100499
1346167
1594086
1524693
1260946
1765598
1855463
1722832
2526223
1876016
2190221
2500848
2458456
2223088
2352713
1500881
2172704
2825877
1700437
1299624
2002102
2699624
1699177
2383237
2488698
2143141
2182868
2621571
1316762
1557019
2682460
2173095
1954868
2579809
2232012
2282598
2246869
2055569
2125245
2472449
2129814
2232372
1545334
1365892
2142865
2198940
2545014
2173700
2109681
2376713
2209974
1398550
2420615
2242754
2373708
2221755
2058855
2709641
1758530
2496468
2506608
2126011
2362913
1937916
2269993
2315925
2463269
2006995
1944309
2367615
2379438
2326103
1912937
2799721
2282996
1990294
2353396
2272648
2173807
2325618
2258956
2418021
1925754
2331543
2058930
2507414
2214274
2307264
2277872
2347827
2263449
2142626
2071618
2621106
1834236
2428940
2250853
2387232
2288432
1910626
2491536
2262302
2337908
1976930
2200079
2038579
1928078
2080057
2494659
2422033
2291879
2179749
2270787
2189842
2071542
1853775
2772011
2321729
1683899
2796570
2173299
2106691
2227893
1811072
2289006
2259375
2473441
2272344
2128917
2108052
2110523
2504536
2352647
2111983
2120652
2234919
2549677
2080591
2179750
2633349
2068074
2264220
2024481
2345224
2314968
2108635
2115841
2469411
2113166
901184
931008
1838650
2353412
1396682
2522660
2066478
1383980
2224016
2042605
2508243
2163868
2149904
2291508
2129568
2466522
2447890
2242704
2234666
2185919
1543552
2629698
1502380
2477563
2140070
1825938
2469777
2238304
1991524
2177165
1787526
1635563
2359137
2512607
2273670
2076745
2017303
1795396
2527962
2541840
2164482
1987270
2571271
2172159
1709753
2184131
1109064
1798869
2397574
1717762
2601129
1643434
2424533
2433396
1881352
2318885
2386246
2424252
2067305
2021239
2660077
1981036
2503823
1810502
2466722
2015343
2553161
2352093
2145429
1917462
1974525
1458906
2381255
2028589
1911847
2034031
2303749
2168709
2223725
2261004
1984973
2171086
2168534
2129223
2236209
2165169
2184929
1928560
1931039
2225117
2062167
2173870
2282362
1982555
2366368
2095681
1718580
2290229
2099613
2195683
2179224
2364981
2549647
2069632
1810324
1522151
1298989
2006287
1954745
1322793
1386397
1857703
2270389
2349878
1422828
1380476
1558252
1744774
1113369
1054944
1295010
1341475
862135
570972
1176053
1320855
2121411
2256741
2028245
1486742
1612235
1732512
2134345
2256418
1900694
2013224
2409783
1579708
1290988
1801256
1705475
1398741
1672607
1908277
2417301
2018175
1971675
2319801
2089689
1991133
2051664
1753351
1856610
2122073
2399227
1735784
2068041
2166920
1977571
2084353
2262611
2356144
1967250
1981400
2178256
2057038
1827854
2044538
2357614
1806292
2224942
2439896
1772163
2651409
1808979
2357413
2100183
1358778
2041496
2197966
1939155
1658935
1650124
2672511
2075567
1665750
1754333
2130733
1842967
1710767
2664168
2257526
1785614
1311192
2038261
2275744
2371354
2519372
2034175
2132422
2029165
1844361
1801895
2152111
2162857
1854505
2281848
1933476
1679215
2554304
2336018
2155034
2113825
1923442
1566874
1321360
997026
923281
934158
765223
1318883
1584683
2202348
2257717
2175712
2230539
1909518
1765674
761714
750251
1486320
1465639
1277803
890959
1122285
1389023
2164997
2440427
936755
2013431
2500418
1688362
2146314
2129898
2457771
2009004
1712009
2395496
1514974
1928292
2371382
1704760
2182213
2139711
1994161
1994962
1792621
2238003
2260323
2206630
2177377
2045129
1975268
1213582
1499361
2454860
2254493
1568568
1804998
1505304
1310071
1290459
1208660
1130544
1294884
952527
1024559
966803
1118356
2243911
1442983
1306937
1526565
1752378
1801130
1576050
1434139
1563770
1891690
1931109
2195706
2148549
1707377
1210481
1400760
1239414
690890
459287
1429561
1486292
568993
1794062
1882118
1869569
2010696
2242046
2177301
2076326
2146267
1057555
646946
2223324
1687527
951743
1045259
1343307
1367695
1435576
1130972
753973
703392
1445774
2119357
1374499
1270019
1601931
2091651
1559381
2008878
2307298
2249677
1227384
1733696
1108810
1983583
1164084
1161649
1029147
1105681
1130143
861649
751003
925203
1053505
1193532
1011905
1036199
1319779
1079720
1175701
870229
1167626
1097982
1067750
1178781
1060049
1228095
1220852
658219
1043278
1170489
557918
787605
794808
797267
809235
899696
905712
587762
452845
419194
582238
364668
21997
42799
63695
63833
65346
92951
155950
284694
397935
527453
584357
817055
947640
923004
618138
603550
627869
586046
613231
724285
812815
900068
874913
824398
839740
872630
820910
704111
913117
1169853
1214844
1018339
942999
1166873
1028003
1022027
1153088
1248117
1068974
1038474
1266119
1133670
1134494
1141918
1263153
1357268
1286289
1155431
825759
427334
283986
336635
626127
1268447
2379425
2445260
2236305
1768013
1326609
1079149
1296349
2327335
2344100
1900852
2413001
2368581
2373799
2168557
2173651
2145504
1659556
1460314
1408905
1297015
1363196
961869
677903
741771
2203550
2292292
2241261
1502469
957687
794597
900165
938388
706521
625470
790898
993607
826158
618768
419317
253188
1582021
2203207
2129670
2131428
2144851
2144224
2220861
2321586
525062
122189
52230
