539242
636105
622477
940718
1252898
899718
1078529
505345
189101
1818132
1159717
1228561
1643231
1973730
1231929
876976
945090
1183941
1310130
993254
1110222
1179982
1125978
1330061
1628025
1445634
1927204
2198574
1674700
1845987
1772838
2155083
2094199
1166329
1980561
953407
1079755
641866
871611
934185
2628209
2477733
2187887
1964734
2306565
1786387
2381056
1895730
1866536
2600588
2217089
1819216
2912140
2152411
1919992
1563719
1219147
1608052
386193
830884
804513
630211
1033649
1831925
1591400
1953283
1691391
1184636
1909955
2659164
2396762
1607189
1833346
1768411
2208748
2744292
2129502
1858721
1129263
1612531
1721974
2231479
2475888
1496835
2244357
1607322
2423771
2113222
2544813
2039777
1392716
1787400
1543229
1931328
1726650
1086494
1309850
1481521
1150312
2357294
2881963
2156566
2277038
2252886
1628714
1639608
2192317
2663172
2501132
1998381
2170309
2210173
2495391
1937686
965153
1232024
2257067
2327380
2088203
2185244
1578627
2578561
2168831
2140267
2659746
1754632
1904056
1924407
1256186
2475093
2014899
3037063
1702663
2129946
746912
890497
3129495
2157113
2354080
1894670
1671752
2283546
1170674
1552313
2246810
1632053
913049
682954
1104462
561304
1322628
1973530
1478668
1463113
2185405
1120683
1002463
1184089
1881480
1308817
1799610
1475118
2333724
2429723
2222586
1074283
2668086
2689835
2016194
2058095
2267956
1440524
1902781
2696841
2315112
2443198
2063799
2143778
2236429
1443581
991601
1836734
2383833
2000357
2211544
2604004
2066425
1749149
1793457
2271267
2082040
1563232
1765673
2737674
2023840
2456627
2321327
2395784
2108825
2305866
1020245
473957
42665
37417
47963
58963
64349
46706
72487
89679
249797
317048
313521
293009
326545
427629
405680
293964
264068
363961
431432
432490
332226
399371
495895
549040
511387
562493
575722
553060
652747
749340
558449
526445
554958
663552
806579
904276
912629
748241
632718
925932
1033792
862522
753183
618084
306586
129429
99005
134687
99834
97776
123662
211568
183256
