15078
68311
245118
208748
226080
263386
273334
258038
235709
1594339
1726324
1591575
1128057
1535873
1253051
914076
1123817
842746
879822
803503
579146
523695
713139
658934
920410
1035059
1102754
1304425
1696730
1126287
1029103
1194981
1022033
2204356
1292734
1570525
1951160
2046949
1827240
2243903
1540379
1341578
2056495
2307178
2320534
2295460
1726000
1973145
2437258
2156248
2405771
2310812
2381074
1918773
2099250
2757372
2188945
2430332
2433465
2288798
2113396
2426646
1772477
2252474
2328392
2271208
2452709
2216343
1961497
2252429
2315227
2107793
2454435
2375758
2426630
2299253
2034592
2123541
2434396
2234273
2310815
2042428
2474608
2113542
2400057
2109695
2047325
2134070
2191998
2223552
2331378
1896553
2214512
2133547
2167478
2384623
2305145
2286821
2514842
2468872
1944511
2148476
2618638
2243914
2273088
2026760
2412949
1626639
1671147
1609584
2400759
1198913
2065354
1207886
730364
792871
879562
1015248
574277
820026
883992
675122
452586
660786
530821
559979
738011
637420
734102
971602
998593
1112806
806572
377769
179386
169496
565548
635324
436477
971775
1089227
970049
560827
259283
561994
578159
1424343
1250743
778632
795422
1100863
1438398
830123
2001413
1930997
2036971
1910114
2225210
1244855
1068801
1476913
1900635
950367
1101286
1518630
1518464
1869969
982008
1508465
2212450
1589443
2177424
1642260
1677364
1819644
1426223
1847847
1868156
1937116
2073415
1939782
1914683
1206293
1327465
1287492
1316413
1047105
1106807
1240401
2244319
2186981
1817907
1842861
1311811
1345004
1705066
2180774
1613990
1885975
1589790
1807676
1664220
1426552
1139106
1622482
1922795
1478797
1760557
1394220
964519
1483507
1303285
1472080
1830993
2220677
1003312
326672
230716
315912
326824
324526
352303
367353
415956
706013
682393
669668
625580
534517
559640
449935
781938
980108
973888
786294
1300635
1410648
1441069
1131651
1556379
1621858
2029585
1929524
1807767
1943392
1529545
1293435
1255846
1408457
1387418
1601805
1294242
1901155
1879440
1908902
2393114
1988543
1651734
1485573
917342
1340469
1210020
924583
1007734
1249732
1676052
1640656
1959400
2434723
2159362
2039876
2258507
1950578
2463652
2014770
2366545
1960954
1881986
2316960
2157881
2026429
2048364
2472888
2292541
1800505
2387283
1618280
869928
1911390
1684870
1207644
762977
1026349
1134071
906396
778564
706270
1239729
711973
572123
471932
535588
834403
670500
716354
844698
789515
952771
1198048
979194
933683
686718
1038326
931092
965148
901831
508098
658316
661029
799611
759996
756679
995124
827208
1177160
1146902
635099
971298
785349
1115326
746447
761713
850845
778357
920898
985491
1254818
1220658
979475
984749
731607
930239
893012
1119912
1334042
682768
1499051
1456211
1047493
1191281
734805
874567
1009186
1276936
1055091
1144286
2665676
1714821
2024427
880972
698403
895229
654056
768450
822739
907919
1364022
1387609
2036450
1904795
1556800
1962478
2205338
1851326
2141982
2020207
2270995
2064481
2392454
1979580
2425175
2016722
2049551
2115816
2029381
1941832
2009170
2173380
2286676
1887531
2172678
2968779
1799292
2591784
1984834
2099048
2554679
2268348
2052805
1365702
2203118
2910067
2148316
2304843
2084490
1357179
2363267
1848780
1613963
2201463
2219568
2096797
2408670
1771130
2204546
2770241
1586001
2059013
2453070
2067842
2497992
2351606
1863311
1506973
1313521
2024740
2595967
1840578
2331786
1886687
1867917
733460
1219993
1039854
1123141
2484739
1983109
834539
1462977
1568610
1135185
1013782
1088514
1433870
890088
605946
745330
792654
1346580
2049251
2028235
1023255
2036804
2045315
1658794
1500848
1644443
1870022
1806370
2407570
1493562
1218069
1013962
1268586
1160296
1679752
1471316
2207266
1939739
1586942
1482473
1730574
1384205
1205502
1155606
1579952
1600210
1566010
1378612
2421047
1537915
1711007
1138746
1376976
1672872
2068577
1950151
1622125
2302618
2331331
1781300
1353287
1808117
2347049
2616315
2565995
1207694
2251828
2189336
1553860
2545859
1671575
1705461
2042844
1968050
1921923
1977709
1805007
2505972
1877687
1931042
1479096
608445
708340
1161839
1045591
562188
454909
429600
1276112
1636621
1415007
592076
1600692
805155
756025
870652
1154205
1672730
2463122
1804445
2287192
1722362
1956899
2289455
2760036
1514517
1789977
2611615
1089783
1402837
1841627
1521653
1267501
2074195
1694893
2138903
2450765
2101159
1976247
1615771
1592282
1995933
1630835
1732068
1699888
1803089
1881463
1313169
1819202
2257589
1823669
1919061
1444196
1883916
1956673
2212154
1879960
2084899
2168565
2306029
2486580
1997077
1799038
1946622
2085111
1995664
1628665
2098724
2223467
2103195
2260261
2292800
2328940
2544577
2269236
2108264
2333429
2150249
1335097
1240582
1300925
1455459
1075988
1443629
1344119
1460406
2274939
1787454
2545671
865429
1036957
888599
1021332
1470861
1448135
1279418
1287583
1103643
998852
1357056
1393310
1550008
1050239
1466728
1276857
1104739
1166172
1771286
1604156
1763787
1751175
1580936
1235528
1393731
1402210
1282932
1113725
990099
1447897
1809994
1360230
1393749
1546164
1516929
1530508
1477884
2658185
2112718
2078143
2103944
2500973
2136493
2343335
847391
507083
485021
979552
2479541
2286851
2181880
2021501
1900946
2023327
2178260
2185385
2710976
1958361
1845919
1026532
556732
942839
748473
512980
1473796
2163595
2120330
1977061
1851121
1394989
1278265
1134091
1576818
1262423
1135907
840349
1040161
1166943
1179567
1510482
1514060
2174354
1161482
1299497
882683
929503
1389812
1888910
1349609
1186497
1372009
1428136
1403613
796920
795613
1340035
361278
398351
624303
1469048
432723
273035
949484
683158
490467
587736
531818
727400
561484
413404
280272
575264
576027
1076227
1634984
801191
739418
905471
951680
587316
815750
1217973
1779900
1142855
666640
902221
583600
1133044
1348718
1837823
985651
846627
967575
945938
490656
935977
2271297
1949528
1981793
1594445
1811493
2236933
2158399
1863290
1787962
2253431
1938971
2508849
1354055
2539486
2549792
1306298
2451766
1103842
1651157
2314237
1858679
2619244
1884707
2537976
2049108
2409550
2550306
1333798
844273
750019
967224
982550
878872
1042833
1532454
1740096
472083
813050
366512
190694
303253
937126
933703
1205047
1320600
1436565
1388840
963956
1119239
1233450
913445
1055407
1198694
1285772
1341606
1698064
1838970
1712262
1679515
1707387
1184744
1440031
1184149
1837376
1637647
1574497
1893206
1997910
1488402
1443677
1756718
1335389
1551832
1881459
2274665
2396398
2057421
2291803
2290421
2084112
1646740
1956235
2042632
1535004
2228782
2447984
1945680
1983023
2255571
2290841
2194668
1857200
2179727
2420392
2555606
2304172
2346004
1945076
2606081
2307687
2123053
2047316
1163408
652529
1412308
1874718
1583947
1171727
1148717
1373232
1359430
1498008
1551303
1184132
1689637
1458537
858553
524593
466908
443174
690419
425712
362028
674920
774803
808925
570815
693820
659528
609805
487553
475638
124004
192405
82143
126665
777613
764868
492718
1616129
1972712
1889854
1812633
1844902
1590518
1789757
1533990
29223
28938
12505
