328930
826207
756900
2536041
2026075
1391164
1885319
1354611
1928446
1048274
436093
692455
629845
388879
2010598
1038694
452959
989670
1378461
1537122
2764114
1737121
1137979
1372018
1215003
1125632
1516823
1079533
2040798
2073059
1594105
1261900
989213
1433688
543762
1329079
1538764
1377064
1625174
1398640
2052314
1434627
1547476
1731715
1141303
1063065
1436188
2163406
2117406
1880588
1871706
2553430
1115032
1813037
937139
781459
1031860
1032325
1474947
1168234
1127823
1107667
708648
1198668
1780844
1144771
1493028
1255600
782564
1496945
1447093
2070474
1209914
1077044
1480495
1086001
1227395
819726
1305312
1383497
1435718
1080906
1044807
924074
560848
942914
1207047
1752268
2196817
2519636
1901350
1896226
2207052
2659301
2256695
1783984
1243274
1463154
1185243
857629
810209
1189638
1668917
810876
872951
1084504
1190213
1153113
1415226
928696
1035367
966526
1565527
1857550
1174184
1426094
833219
1179867
1687179
1439594
1709402
1892537
1887549
1870042
1156728
1085214
1188890
804682
1660193
2726864
2453116
1775050
2196714
1029524
1592440
2533998
939145
952908
747029
1292930
987586
1133593
1161894
963398
1434250
1693002
1470478
1132053
1475262
1265427
1116186
2072738
1707817
1832727
858744
973163
2074731
2211327
2250120
2714092
1972344
1801976
1864147
1549066
1006468
2078778
2501971
2220536
1670047
1740292
968738
1062940
1191266
1342843
1391195
1682100
1131941
1031159
388472
173077
596896
1465340
1282153
911942
1192921
1070029
1137412
823275
476996
975791
1098802
1666628
1832816
795584
1124399
1228318
1262750
1071819
886800
773169
890293
1168875
1047180
835144
1099915
1339616
1356169
1337788
1283997
1288106
1876100
1144873
1008296
1050663
1101273
1033005
1092631
1412448
1216720
1011044
1425907
1273936
1351631
1355470
1163495
1624852
2058927
2220393
2014522
1741279
1372090
1324457
1097264
846574
1519997
1189995
1226723
937717
1135475
932243
1052118
1483016
884772
1186252
620941
1120259
1667305
1956336
1764504
1669398
1187237
2495632
1379983
932387
1516782
1484359
888648
1090954
1050310
1142236
796113
793297
1115509
1238474
852810
678173
1025055
1280611
827446
776210
1038940
1117984
855925
924730
596140
1369823
1119421
2014085
1400808
1286065
1092567
1212402
1062454
848999
671031
707011
1338368
1354237
1040706
1113645
1377856
1492106
1152299
1016691
792603
575070
520197
1089587
503787
606733
1384284
1299792
1026692
853397
986281
1493639
1754760
943602
1159069
1084656
1078599
1063022
1138362
1041783
1112651
785810
653589
835971
1453333
1405245
977848
531491
549807
695217
1666687
1146442
1828502
1535140
1157710
1321871
1186389
914662
1195469
1128774
1011051
2756787
1122640
1809342
1462126
1244339
1157587
2270779
1706548
1605185
1377487
303202
241979
401707
329948
419562
480125
474196
483093
127266
2385
