1298033
2872454
2601232
1284610
743681
345899
224562
140864
212359
319235
325276
205447
368840
243000
179691
1195850
2350755
2265715
2571463
2484596
2207523
2101284
3012247
1155027
1051477
916753
1032390
1213979
1217722
1171101
1404031
1343730
1294905
1244146
1492721
760800
1119370
1357641
1459344
1729644
1502981
2918826
2200744
2254681
1934547
3411460
1963089
1787984
3530188
2789416
1389957
3886420
2555943
4218598
3166369
3482633
993619
1236393
2706013
3138857
2465247
1402490
1442141
2223113
1587419
1268270
1805997
2068629
2508036
2320252
2700872
2561594
1538470
2601982
2806467
1442328
1284995
1251114
1662856
2090136
2901675
1387572
3105612
2823727
1328228
1922898
2676033
1252434
1118203
1517607
1942059
2241413
1638190
1422007
1491921
1487194
1575106
1502608
1119843
1665218
1509664
1591814
1152736
1271759
1421889
1443777
1349204
1144256
1214287
2990776
4272283
4843374
1772424
1751026
2145933
1500868
1168622
996014
993562
1029365
1239183
783050
974137
1021092
1079150
1445792
1613185
1132203
1136999
1136493
913482
978421
881776
2142980
776064
901185
1204639
804055
1199915
949923
961377
970187
1734481
1560579
825767
937073
1906686
3922460
2421339
1810245
2386100
2903707
2310668
2515260
2058665
2410485
1909297
1334941
1770918
1888719
1731975
1177921
1408857
1553729
1201091
1526500
1965899
2162923
1223161
1359727
1450246
1588371
2180090
2034994
1666610
995746
1191630
1524296
2122594
2104517
2840028
2354975
1844761
1427058
1198428
1354172
1346635
1537887
1868104
2512033
1785240
1806253
1532474
1701787
2035056
1692185
1545449
1298465
1099100
1815895
1738015
1929127
2590865
2411810
1767313
2758370
2243812
2059953
2005197
2198730
1438789
1651005
2014627
1354366
1408253
1811317
1896197
2005069
1722591
1722985
1883086
1910535
2411376
2444664
2161659
1713468
1490865
1511975
1673639
2043871
1993543
1859890
1973974
1937776
2137234
2180443
1486519
1308310
2472630
2553326
1771978
1379850
1230761
2133913
1540568
2238354
1375625
1556873
1081742
1076238
1536294
949213
1149822
971431
810571
1141219
1767556
1695759
1677098
707560
795547
1262216
1174589
1392602
1550772
1151162
1277695
1213616
1316956
1233093
1499979
1836843
1905141
1878472
2039653
907753
1369094
1305195
1569004
2252442
1476249
1821159
1301232
1530750
1724967
1274540
970825
1251578
952133
898497
858077
768866
870958
1059981
1216936
1273052
1732332
1926213
1917949
2102680
1872758
1275890
1390549
1574668
1476499
1819411
1457862
2201243
2385821
2317389
1456200
1798744
1618466
1368781
1759753
1866424
1802924
1810655
1730507
1611028
1497779
1960006
1560738
1574080
1337728
1551318
1183688
1659180
2239062
1860456
1594995
1942570
2904880
2430461
2007165
1683766
1716543
2118410
2221453
1961511
1497790
1735991
1946357
1663716
1365561
1539625
1709448
1578113
1745441
1707244
1842264
1667271
1782739
1862903
1735582
1740686
1813525
1308878
1893232
1650178
1314245
1015606
1674309
1642449
1658896
2710706
1263513
634191
514698
1284641
1583549
1000793
1678052
1135062
1080948
1659784
1991943
1932690
1819840
2030869
1745699
1645597
1656833
2572073
2678700
2161737
1624919
2146093
1701621
1730579
2186405
2156905
1481405
1989166
1894839
1616365
1452411
1846016
2225642
1681255
1804558
1047300
1443521
1449825
1859515
3386588
2833060
2795806
1617934
1445067
1278922
1577698
1905101
2241033
1480991
915802
924765
1632693
1432371
1122943
1305709
1306324
2034296
1773278
1235807
1150249
1344238
1417070
1469933
1110799
936382
723315
1313722
1120012
854111
1151886
1092585
736201
915925
1088606
1567402
1403347
1344888
1624322
1426877
1043902
970350
2364308
1475322
1922489
1279761
1501600
1608686
1536588
1201195
815930
1056378
2317219
1853964
2496382
1450581
1886788
1503798
1565701
1725847
2504235
2348608
2161789
2303101
1649775
1581049
2123040
2686030
1743539
2373780
2603042
2027717
1327910
1682391
2147099
2330502
1688778
1626797
1559241
1271023
1748793
1479584
970727
994838
1070316
2280613
1392623
1271997
1342162
2483545
1450866
1178619
1311617
1504321
1242716
1199266
1439442
1484588
1616887
1248008
1229623
1504898
1255744
1259738
1527356
1341865
1309090
1267664
1002659
1143078
1105844
1605021
1656881
1662865
764526
1073546
786381
1354341
1631655
428687
1701044
587891
888357
1717928
1333265
826847
663462
1006684
829170
888584
806758
831472
1102819
1327195
1264715
1343542
1211428
1212930
1371192
951246
1114481
1498471
1337665
1225981
1069659
1072527
1173378
1482332
1488288
1756992
1440328
1594107
1382053
1296281
1206871
1046432
1027540
1199262
1344296
1197642
1213575
1451012
1286157
1137260
1255740
1133163
1050015
1212981
1277404
1285673
1342801
1160984
2177976
1456120
1743604
1142559
2084813
4141624
1521451
2121954
1439779
1006724
804503
805045
960534
1585764
1442170
1632397
1093362
1420328
1189880
958073
1101275
1043461
1136668
1402425
1021604
1087285
1232632
1376839
1066466
1132153
1556058
1230547
1494425
1378816
1157751
968939
1411909
1389696
2488969
2465900
3086471
2601787
2904787
2726865
2205603
1761015
1035767
1959793
1441353
1203173
1185927
1641818
1768127
2454759
1594717
966419
764818
815495
731528
824091
1010511
1135116
1071370
764221
1098893
748721
1025530
901925
863986
1058201
1076130
1338953
591748
566609
751536
961107
1129040
851846
918729
1065806
958612
1115145
887937
901873
968566
1182015
1168188
1026464
982868
966249
1097716
1137157
1466657
1261397
1160447
1651674
1333344
1012957
1211680
1576196
2273936
1771031
1427201
1335179
1480047
1451112
1951526
1385158
1540024
1669578
1636775
1515915
1481805
1432458
1403123
1218211
1374330
1163169
1305288
900408
836842
1059334
1206875
1513266
1419088
1576455
1372001
1157881
1239091
1231510
1117513
1845538
1542050
2499381
1710997
2361328
1931533
1773553
1499271
1737572
1838359
1589238
1590563
1666607
1808530
1758012
1661906
1519008
1750142
1600578
1551391
1504047
1555360
1933388
2034193
1891989
1581794
1367059
1259022
1404519
1224196
1386916
1708300
1445827
1396264
2586155
2680469
2175616
3789121
3778091
3311366
2571731
2825335
2037618
1972703
1551128
1780192
1334920
1306967
2917616
3385388
1871876
1100207
1136387
2542357
1677697
1969716
1604558
2068255
1743652
1304045
1747035
967534
1690968
2783297
1842482
1573815
1917178
1230391
2122833
1435421
1119860
1247210
1271606
1489473
1619765
1385870
1142011
1688114
1503698
1533544
1637022
1554893
1475583
1404608
1318764
1503264
1638814
1306625
2372169
1422572
1893939
3319461
2780353
2552961
1388083
1674811
1772182
1656982
1451977
1441644
1626998
1681627
1541299
1443243
1669178
1474128
1530288
1487050
1719819
1645541
1738645
2201806
2049754
1880990
1415027
1745530
1482490
1508426
1452410
1649475
2009354
1828707
1870418
1982731
1807192
2146074
2121174
1801158
1338642
1530039
1478162
1443169
1385251
1511238
1451649
1628123
1314668
1475834
1503633
1367282
1293863
1159965
1095325
1196315
1300695
769208
1426088
2062575
1907516
1593636
1702154
1497175
1711173
1684394
1638591
1439553
1354837
784781
394242
620159
1057308
1021982
692157
785505
537373
790754
583186
642926
747874
658547
596074
658946
651018
726547
783868
795066
804350
817358
770406
774579
809594
745695
854043
899155
851428
806660
873470
869155
849632
937771
834426
922783
846056
907633
933870
918582
1078533
1052562
2026591
3057452
2307867
755078
862622
775274
912622
904541
931983
629280
1054030
1483335
2348309
2326856
2520984
1950046
1851491
1113835
1155705
1655306
1977047
1422982
1016821
1388127
2137200
2537777
2167812
2765300
2502126
2022630
1645628
1130295
1689053
1998156
1444418
1151247
1486314
1263753
1504105
1115713
1549301
1791207
1336035
1369004
1687339
1404817
1571897
1635924
1077269
1191391
1202897
1424973
1101466
1326186
1096949
1133697
815102
3172110
733141
1720762
1889022
1508484
1544768
1676700
3169284
2943849
2279718
891519
780557
1460896
2502008
2767541
1679494
1014870
2516678
1926656
2177301
1642924
1418741
1470776
2248646
2301444
2374009
2722708
2249636
3014649
2353340
2387591
2555178
3270139
2119963
1774960
1385889
1593181
3216388
2748610
1740068
1581558
2412042
1493787
1669683
3733297
3169671
1902270
2661906
3364945
3470122
3291868
2299921
2764758
3261329
1049840
1515066
1266857
1100322
1388996
1193194
1194326
887834
1148049
1381017
1469124
919742
883355
932782
1054280
1359732
834730
935855
2142891
1770812
1782663
1699334
1440943
1311433
2189293
2523174
1623833
1887158
2836003
2918443
1584492
934949
859767
856007
1160176
1246417
1078239
523117
782498
1179748
965633
1047884
2302522
1007714
706014
711521
773763
1885532
666571
654048
568754
515882
631279
657477
653517
858554
1137706
975470
1288507
1445181
1024843
974235
676521
550707
1000720
1866827
1048144
972244
1182529
1423118
2356978
1915960
1534944
1531648
1216351
1117736
2666876
1224302
1848959
3166982
1274325
2887708
1083906
438155
1416330
1554182
1550829
1344638
2867572
1908087
2179167
2942616
3813773
2953380
1194633
3068750
2879375
1721220
1347015
1297937
2967258
3973213
3621714
2422526
2606449
1372456
1693192
3519891
2238736
760993
1536309
2958714
2610090
4162162
2901932
1799028
2670356
2194501
2030925
2170440
2676005
2290679
1530641
2941351
3012727
2286193
2680690
2968680
1956418
2579314
1342758
1942234
2249897
2154898
1363039
1780684
2501811
1613540
1637251
1857793
1431326
1517220
1969117
3830708
1824047
2498316
2517185
1135344
2907016
2475713
942164
2527219
3364695
2275849
1241397
1116437
902064
1462945
798030
716510
905810
1136407
1066082
1536134
1852388
2298293
1560211
957235
790986
797230
846992
1128643
1528222
1955746
1619928
1504307
1409331
1164710
1120370
1163669
843901
318114
1036250
1112279
1039019
1019117
1922510
1622537
1619762
2287753
1703253
583339
714834
367841
756900
895048
1371315
2207094
1534668
1045883
1220922
1233781
1213471
1838277
1748984
2088624
1724906
907250
1543735
1332317
1535750
1735974
1783523
1942401
1572996
1735302
2102081
2190481
1126749
717624
1104809
1513737
1085552
2145255
1279391
1108677
1045080
951284
2061531
1437518
1237185
950599
1476676
3002220
2546050
2930171
2338000
2822111
3012492
1960325
2073777
1835588
1472985
2241567
1722181
1975240
2008205
1327244
696256
755294
683122
969212
1325912
1005795
888736
1175225
1315909
999069
1317953
1190036
1619602
1947660
2901177
692999
1117192
966917
724175
926007
582423
1539480
274621
1258699
2141890
3028323
740204
560334
608670
611373
720236
3058752
2091889
1210497
1265705
1113419
1095329
1260804
1632253
1369330
2428048
3677774
3388916
3311227
2153952
1340457
1610278
1264486
2253695
1287247
1114028
842290
1104737
982726
945152
1018282
905707
1001761
1101967
1969996
1597025
1405578
1104239
897098
1343641
2193996
633950
642090
1058907
607478
3132536
3360297
2457619
978625
743228
927128
5694010
1844488
1858837
797284
802070
1254499
919098
1505013
1231628
955263
1300258
935178
1326415
2185088
2063061
1515160
2195759
2155476
2043471
2195289
2643921
1085533
2939115
1438219
755054
1966974
1632301
1948120
1861043
1848439
2120590
2320845
3861674
1754509
2768025
1810311
1281732
1978265
3273203
2167299
2024067
1823644
939389
712847
1160827
1262503
1678174
1509407
1515323
623550
849223
775103
1426579
1220312
1755166
2823528
3465633
2585797
1975750
1972237
754345
612528
701786
647258
1279256
1541258
1032437
2489029
3322166
4758268
2808100
2959734
3130392
1570358
1932155
2235583
1983615
1940675
1049226
1770082
3842710
2283046
3931745
2653816
3041112
3004814
2070260
2288384
2459364
1145370
1722951
1393874
1198182
926963
1541300
635053
1595676
1082797
1765284
861757
761172
1479297
903705
785980
679229
978496
2905917
1804110
762612
1624039
1770806
1696798
794058
791954
406544
700628
772020
1965765
763717
1033191
1203119
1130140
1199754
1205924
1101897
1226154
1348136
846772
785220
835216
920698
2230082
2660235
1237343
1144221
1469909
2372712
917301
1257301
1410878
1612726
1570543
2639569
1461347
2841266
3874010
3321704
1602845
1017165
1363113
1514522
2056196
1393493
2004229
1495436
1484075
1933471
1697305
2166949
2362363
1424347
1905136
1922720
1594133
940423
1120827
2820121
2164028
1253588
750144
744407
805275
776667
798837
1144194
1170890
1765268
1525778
1536439
2197458
2154873
1285143
1698398
1552823
1597770
1660507
2413981
2229246
1273769
797767
660605
2601427
3050819
1355138
2985329
3197733
2391320
1659820
1944380
1855881
2942826
1408352
2282338
1801762
2024266
1973849
2851514
3112601
2733926
2365624
2006056
1078346
893695
895573
904612
1308266
2464979
2354552
2121923
727245
855897
821183
814676
901004
753764
1185306
1725003
1332029
1221167
1486322
2006341
1703519
1497978
1599635
1264244
1507167
1233255
740057
1859450
651367
2638492
3089843
2295920
1285248
1214050
745766
557494
446288
485184
596176
600531
546805
557822
622794
470933
570467
619243
638709
600515
390956
588242
554050
568578
556787
440146
722533
380708
663347
536881
646348
673269
674796
1384540
1551228
701208
471622
478536
558282
532484
711348
514866
850993
632896
578263
753036
935650
758437
676603
505504
465998
632770
685733
640669
759574
656847
596444
692671
816000
630002
1725682
1653595
2234340
1407914
1394892
1467030
2776242
1749963
2345941
2464628
3079227
3337795
3062150
2578856
2860574
2362161
2078882
2458380
2910196
2336191
1874530
1920282
1487791
2160044
1496526
1725759
1750169
2203385
1913777
1861919
2280700
1623810
2217183
2527896
2321799
1776547
809781
1340690
868155
853901
1017342
718695
1076861
1092001
618936
739180
983501
921499
847746
717254
697918
663603
669527
732160
797957
1157438
1100309
1186231
1354518
1132253
901811
1348438
1009122
1025459
1021393
906418
2037463
1410468
1838839
1903433
1835874
2026478
1572952
1682439
3605395
3005686
3459937
2477307
2441304
1994636
2222714
1891474
1417082
1394362
1301748
1860066
1544396
1835438
1873581
978309
1360359
1264502
1716665
1726259
797120
1340280
1149983
1081221
1049403
925138
844284
569577
632680
945301
732853
560125
562449
929640
1004774
629344
554504
877072
918691
914127
1478104
668423
790469
749985
637228
523653
1101695
1453158
761221
701854
1153095
1458638
1477778
2200327
1557259
2087069
1578227
2287219
2188144
2055124
1718665
1798374
1296989
1408989
1018918
939993
1360097
1161102
1184277
1151071
1294457
1457922
1400154
1241739
1248165
925154
1161460
1227554
1209193
1130525
901381
855354
1074061
852194
889762
946718
858361
856436
1053421
1077219
873211
948952
942266
816448
971929
1226904
1017650
1116787
938197
930126
944791
1052090
988692
810119
780470
708151
727888
714074
573719
674159
900618
1261455
2059465
1880844
1287186
1453156
1707487
1582971
1561033
1514406
1815665
1694471
2104909
1971146
2208222
1967963
1893540
1790282
2050031
1752145
2024320
1454009
1882283
2001684
1957624
2082284
1952717
1739919
2293993
2056592
1111759
1704435
1451078
1255764
1725200
1940596
626936
331602
182227
657365
751113
904687
1110690
2319719
1768587
2236995
2367817
2716233
1639942
1807282
1815381
1464572
2058988
2507104
2445262
1067351
963445
1011703
1001531
1558961
1261098
1365400
1455344
1162917
1661949
2084769
2039154
1743507
1755278
1597907
1893089
2353769
1523143
1447317
1457811
1885352
1835934
1218159
2529149
1654495
1430650
1407492
1582035
1567090
1666296
1931384
1840784
1527971
1254147
1612326
1300875
952960
1019507
1123603
703058
179053
45864
45633
47416
45237
38624
27399
26590
23746
28552
46421
42215
48049
36461
32427
30742
57211
87813
81960
82484
235498
559173
735779
693706
756045
799458
933503
835486
666958
684363
625366
660215
742592
741853
823111
1076573
1017720
820473
789918
739281
750960
821036
884578
868360
803956
697597
676964
1057701
1059582
979745
1234572
1222822
958113
975275
873806
863561
1016624
1247974
1240721
945626
799756
952131
1046252
992836
774776
608488
626143
669572
696531
842197
816356
612212
627408
725890
649765
889956
936333
701505
781763
803351
785372
854421
837152
895494
1068834
960092
805846
771476
726859
815503
848065
832535
845042
844352
769686
740143
682237
708485
797392
821805
794087
844674
862491
772314
693745
754326
1003627
1313428
1240269
1041976
836428
834900
1002338
1036761
916922
845131
936612
918337
981427
908451
828113
786751
621690
462615
541857
624704
920054
684757
216333
155337
39854
2172
