26078
49539
190720
1257669
1687448
2724476
1066131
3174808
2125619
2148633
1321213
1157548
1032482
1272637
1646743
1642039
1588321
1461054
1384549
1354411
1470182
1471507
1699180
1061013
1441513
1591138
1528562
2626469
2456096
2173989
2020918
1769744
2236388
1959455
1433842
1675927
2283022
1753126
1657663
1517731
1434450
1478740
1423875
1423725
1643810
2114029
1848183
1630944
2206139
1739818
1651269
1702236
1950461
1606495
1216714
1325179
1386807
1516227
1693815
1957601
1791860
1705818
1703969
1617000
1443170
1701776
1363477
1663954
1257779
1540125
1917422
1619037
2013426
1690066
1619413
1927560
2135121
1595199
1604288
1675527
1864164
1544991
1455419
1727608
1913924
1608434
1518786
1804386
1528316
1294782
1370011
1538697
1696747
1454675
1536618
1669861
1774408
1691650
1192608
2075234
2092833
1792023
2282016
2197317
1988446
1715680
1696315
2177999
1581961
2217505
1984521
2352854
1902699
2108773
2192833
1936989
2623295
1794182
964140
1116498
1141315
1173291
1031182
1216729
1276912
1401234
1373556
1445776
1952895
2285134
2021743
2089127
1368225
1682536
1610059
1582028
1558362
1729294
1468223
1398448
1230124
1765608
1650869
1573866
1602477
1648467
2180189
1773523
926871
1708027
1352547
1875394
1615653
1913908
1570923
1424954
1455003
1390564
1964839
2283123
2364378
2491746
1954104
1817532
2557534
1415687
2013632
1653419
1377162
1406003
1306568
1248594
1426419
1221732
1016689
643831
764019
1093247
794420
867780
1274081
1432366
1270670
2126927
1792335
1532893
1629796
1173268
1280881
1542977
2101751
1754206
1652307
1539064
1255454
928544
1165939
1144909
1354981
1137950
1050152
1088050
1123365
1129028
1078745
1010122
1082024
1218408
1256996
1144830
1121265
1062920
1262868
1069043
1054690
1019708
946406
1032731
1415963
1125105
1333472
1049852
949833
1206428
1220538
1308560
1156020
1087987
899989
967502
1170896
1092611
924991
987503
686276
949903
891316
1049688
1166226
870199
893654
1264157
1098309
1114467
1239024
1333667
1634934
1663053
1493843
1343010
1397529
1415093
1654851
1389013
1539836
1333849
1277655
1079608
1092424
1327422
1254085
1189291
1212924
1087590
1160165
1226223
1341394
1500057
1350839
1308822
1119649
911422
1035252
1219497
1150825
1191415
1118578
1186973
1198555
1234666
1423761
1059421
1084291
1116941
1206719
1242403
1148580
1109741
1423049
1536650
1393079
1282816
1105049
1329264
833002
1169143
1017183
1292869
1061352
1325609
791605
1119992
1355152
1397989
1667335
1315634
544383
1132215
1646874
2197410
1630670
1418178
1373539
982246
1146152
1435423
1249994
1122693
253892
520739
1262883
1553263
1555961
1367395
1225661
1340014
1369911
1389334
1334320
1188595
1329591
1460929
1548448
1516979
1607699
1294581
1660111
1874446
1464018
1308620
1404263
1272975
1103201
1334045
1425303
1401491
1622784
1446446
1773457
2041518
1976142
1946767
2192857
1759871
1771021
1980887
1830655
1885623
711210
936834
953825
916425
1292500
1504777
1402132
1421627
855823
801407
1122235
1189578
1260935
1554509
1697179
1790482
1652697
1783879
1424013
1256296
1436926
1319880
1235030
1382817
1701582
2120526
1974740
1374696
1479979
997890
1366885
2121155
1229705
1259020
1219281
1008244
1343315
1222728
1741803
1096208
1774059
1796353
2129862
2102883
1875572
1793267
1767047
1778371
2321091
2426858
1577685
1693155
1425468
1388377
1789740
1594267
1407642
1346867
1807752
2663817
1452871
1168686
2352255
2101854
2009193
1757709
1376383
2300240
1332723
2035081
2116889
2549974
1243695
1354396
1085541
1410666
1412834
892833
929315
2181455
2178817
1922000
1874037
1990825
2204267
2537106
2111898
1678686
1305795
1177527
1639203
1516033
668729
1011764
1254366
1324774
1323667
1065144
1079909
744431
721625
1122228
1019320
1286726
990430
968350
1141415
1268193
1103624
925028
1096658
990325
1161388
878911
909832
983203
1081774
1158236
1164345
842242
937818
944133
1002042
874187
1239608
1201854
1272045
1493317
1515897
1016421
1136635
1176936
1834455
1461610
1792469
2089698
1807778
2091154
2108788
2083702
1866358
2419843
1520844
1659969
1550186
1432412
1497624
1351187
1271762
1490669
1383525
1372967
1304442
1649598
1751650
1310306
1457206
1202323
1536277
1411538
1697806
1625145
1478462
1228691
861660
1337466
1609774
1420241
1247760
1237670
1071254
1592886
1527384
1533740
1854101
1777427
1551963
1407983
1329412
2054214
2284687
2126342
2034075
1672722
2568546
2004706
2005819
1805064
2376653
2153398
1599982
1664749
1973095
2064773
2837969
2012975
1828087
2791361
2360734
2281516
2019162
2222709
2477698
2330044
1926796
2553583
2236258
2043085
2066830
2066591
2119735
2620398
2444107
2110369
1618659
2124238
2265324
2144370
1441791
1941860
1941150
1695956
1627568
1606672
1559681
1514602
534361
1563575
2213133
2146255
2123277
2138665
2182101
2190743
1996487
1633164
1831793
1829414
1694918
1691615
1832206
2342189
2529951
2378980
1701225
2275608
1617017
1459470
1772616
1758366
1245635
1626347
2012029
1185330
1160790
1850095
1206166
990668
1212569
1399228
1119628
1514099
1190402
1440510
833202
23717
28075
38941
34069
43253
60530
43636
77596
259697
501354
