2906090
1526985
1296739
1441195
2374952
2004781
1986476
1114637
733181
639457
814200
816189
788605
1095022
808669
963666
1087206
1037522
884709
985076
1163418
963122
1003911
1388099
1715235
2165117
2676825
2117463
1656252
1521372
1415559
1960632
1357261
1527693
1828890
1160846
867470
701367
988990
574180
853508
1606748
1650035
1232377
937390
909813
763118
839447
1020022
750641
554073
915040
1824464
2110241
1544880
1214216
1383085
1059969
1347709
1231842
1285440
1538423
1669514
2238877
2165192
1919794
1098026
880721
591112
1907987
1145046
1535739
1212565
1144071
1233431
1136009
998083
982792
1118894
1076915
1247123
1476978
1312422
1441124
1496107
1381134
1672116
1545644
1094033
1116633
1258268
1077448
1036057
1090624
1406306
1285499
1552659
1419881
1150305
1085236
1140330
943649
1133389
1267284
1587799
1422249
1459270
969006
898134
1023052
1183124
1137315
2264982
2574602
2178025
1366948
1418194
2063067
2095940
2766120
2113074
1666380
1038438
907020
1031680
883269
1141717
1452994
1956038
2288915
1710760
2021866
1540576
1586079
2799993
1332932
1438977
2631335
2381018
973914
1004212
856017
2392440
1272047
1489267
2128570
1767836
1695147
1573344
1876266
2188829
1708358
1177033
1357652
1284310
827583
1198703
1655064
1184916
1535770
1708101
1308190
584824
629716
636318
808272
828058
658823
716818
703712
1099641
3007505
1447114
1461513
1339035
1483226
931592
1173269
1484803
1057741
1563579
2670140
1542353
2038797
1006985
896608
978115
1871851
770143
886448
1343792
793050
793212
1257589
2382557
968507
1068579
1108679
1026824
1000210
950595
808878
799795
721580
851836
1087643
1043134
2848171
2313631
2014477
2236018
1645122
1525388
1876647
2956323
2459628
2100240
2282961
819686
700624
737420
1725763
2759848
2170829
2648679
2138490
1993011
2298713
1765208
2078056
2897535
2077168
2713032
2165301
1912480
2154003
789737
1286020
1074628
1214832
1010002
841783
1006021
1482398
1587545
1190329
1108247
1037614
1022283
1120853
1052079
1251088
1251977
1068426
1162584
1566595
997022
911084
805065
1105445
1602299
1482700
791966
893704
1239838
1309679
1296976
2053363
1414141
1927811
1517512
761043
1113102
1813865
1912075
1906892
2566947
1330038
1150931
1449820
955000
1239216
1332592
1036023
1262021
1280670
1120721
1297586
1228462
1237936
1192385
1233070
720747
1383820
1355194
1144620
1620466
1871306
1470719
1143148
784631
1272292
921123
1627668
1651309
1100802
1301142
1446831
908375
864604
862507
906359
763024
923364
831328
878634
886580
729238
747616
558077
1086476
2040402
1863731
1543742
1175532
1168061
1223442
1401192
1494382
1910997
1280384
744838
1097089
2444167
2209155
1903443
912789
89619
44967
42745
59210
86308
73213
214641
985925
33719
