3034418
1391494
1146986
1339144
2249045
1750962
1696818
925770
1890108
1704451
1645234
953025
866833
790237
799673
738680
719488
1137725
1177305
1800091
2273480
1785352
1749379
1750818
1855988
1634840
1688198
1491850
1490451
1476103
1436750
1925496
1935108
1262386
943874
947005
1459584
1089772
886939
1383376
1262733
1487362
1217881
1078384
1054678
1800313
1763373
1663779
1551825
1330485
1366411
1682024
1643596
1789456
2801073
1995967
2068062
2748528
2258567
2222047
1388539
1604495
1793176
1993870
1814615
1494485
1446927
1286877
1263194
1683309
1312801
2341798
2231500
2122356
2279702
1942986
1680911
1690760
1190750
1524110
2803062
1520215
1796951
2459486
1857044
2007186
1289067
1071162
1652621
2482847
1915695
991064
986080
875308
636357
1001086
1659242
2938666
1540248
2021761
1410647
1963288
1408805
1398564
1769300
1391036
2358487
1832939
2065428
2609430
2239746
1545063
1506103
986193
1164872
1216941
2398288
1916236
2048161
1679659
1265195
1456111
1463584
1170262
1385252
2010735
1533567
1872303
1882143
1554460
1852432
1779609
1689337
1340782
1262800
1081721
1255575
1750813
1899987
1372670
917930
1097324
1043413
850651
810717
1097467
1922592
1914111
1830594
1146805
752006
832898
768677
1047460
1240223
1005135
1204932
1141463
1482915
1198410
1385880
1276874
1004770
968229
1450668
1175827
1586461
1350564
1298337
1352500
1315043
1110900
986455
946973
1434797
1033479
2097829
1959005
2255672
2080694
1541081
944370
1026345
838073
1548582
1481009
1883758
1940373
737133
820726
1276382
2377465
2491069
1655165
2640727
2425501
2102635
1805278
2370261
2128357
1225543
1708090
1666427
1891861
1745337
1486250
1950062
1854537
1106437
1296034
1372107
1026566
1219795
1169079
1070912
2086638
2025233
1321175
1290925
1407121
1061199
959782
766703
1232164
1075989
787447
1415974
1179155
2059821
1376194
1867619
2224251
1576712
2379758
1303066
999772
1026984
1134713
1102260
907042
1369650
1061932
1113050
2174806
2360197
1705261
1694323
1801966
1922218
2173768
2354397
2029980
2172398
2098273
1684686
1632601
1454198
1426097
1493389
1307312
976697
783832
659975
1070623
1579134
1492147
1390728
1173337
1174959
1279653
1935110
1334503
2308253
2208542
3070090
1677972
1566037
1303303
1597433
1445765
959566
795875
1448160
1077910
1597379
1392065
1409694
1273306
1105132
1069096
1442459
1712356
1599178
1360159
2058051
2106085
961080
1053392
1455436
1407739
2588411
1558947
996629
1214060
1383552
1496830
1424786
2129488
2041083
1484252
1519556
950006
1091982
1109295
1832295
2371472
1543427
618595
414896
40784
46120
54668
55835
84547
186386
722372
332393
