1621594
1243510
1871026
675512
1574814
1866308
1529640
1646402
1627496
1627963
1121606
1457845
1946290
1885942
1811573
1784010
1250412
553020
1101083
970064
1625564
1071747
1321652
1698245
1524192
1809331
2167088
1996084
707285
113662
529881
2222383
1564586
1184219
522436
612675
600132
483844
559597
861391
931329
1071509
1349136
1396500
1630044
1692273
1606904
1443985
1259962
1237328
1322710
1450166
1162331
1244955
2105478
1559882
1547148
1707933
2094904
2071708
1326451
1155860
1335916
1384609
1332163
2078007
1167381
1696309
1780049
1437586
1399290
1225789
1231067
1449084
1304282
2276033
1767350
1541716
1930284
2728495
2133843
2522547
1744470
2070018
1811152
2315435
2594406
1632825
1662432
1915421
1521615
1513811
1982894
2167257
2187305
2086150
1950769
1544802
1928357
1674341
1226158
2488424
1749836
1461675
1763096
1929972
1225220
921098
929240
1627464
1862698
1804781
1911832
1905772
2489710
2206714
2289858
2396665
1817792
1766722
1789265
1705478
1674881
1387356
1487808
1607790
1996908
1687516
1774726
2315878
1474371
1913984
1628819
1425450
1801681
1464176
1506396
1434166
1382097
1401487
1300255
1252908
1552288
1570202
1413075
1448321
953292
1389989
1610547
1521912
965240
1454172
1159983
1271130
1040340
1521500
1575136
1907380
1437775
1671216
2016998
1455063
1864018
1148495
2395609
1577687
1678046
1370756
1288363
1412059
1681279
1081729
816041
1196166
855079
779891
706743
659914
794687
499889
1335556
2240160
1957603
1632107
1473791
1395671
1230981
1391275
1432942
1434644
1244771
1364642
1370657
1175907
1669123
1464610
1219174
1361045
1978638
1242393
1479814
1433224
1194688
1576399
1784370
1045038
1103004
1246472
959613
1712102
1649974
1478743
1555640
1128548
1034350
1028333
997114
1883857
1720033
1845551
1733563
1527935
1658630
2051662
2174518
1675571
1979684
1950918
2642048
2426453
2071562
2299638
2442167
2403931
2131594
2290542
2167268
2160029
2693490
1549419
1342304
1438690
1506643
1531502
1506041
1384827
1448661
1346486
1117270
1319521
1379103
1341021
1667731
1035570
1264356
1726437
1291699
1962912
1094610
974884
1268324
1298675
1477494
1348835
1650934
1886054
1983789
1751914
1799385
2659486
2072847
1755694
2073736
2125399
1858929
2125044
2468863
1767202
2434314
2152595
1895928
2071536
2121659
2298916
1751046
1759021
1362117
1189530
1469985
1307703
1330518
1388137
1215440
1440366
1264858
1098855
893271
1382419
1401057
1081575
1139979
1257177
1092676
1062076
1074407
1893435
2133380
891205
1216562
1423967
1329722
1379887
1356562
1489553
1750931
1286440
1468312
1592140
1149804
1481071
1339313
1155314
1493138
1202542
1371901
1617815
1409049
950329
1495197
1649747
1337084
1925026
1872105
1549393
2269824
1568297
1308547
1572793
1404443
1839548
1565322
1342332
2007311
2152991
1785405
1400124
1657688
1562950
1557593
1441757
1153200
1534386
973360
1236641
1681002
2235400
1478997
1196726
1313234
1111725
1265438
1225419
1217628
1190036
2485729
2192461
1752688
1703084
1637672
1500398
1670493
1597908
1406414
1462861
1293920
1305495
1335566
1382784
1378660
1514133
1465887
1323253
1606986
984314
1124071
1524151
567565
1248345
1616169
1000432
1430841
1917301
1312738
1092935
1201301
1142093
1043176
1588006
1240468
1212575
1699626
1430089
750646
1119216
1198636
992493
960020
980643
1160203
978830
1113683
960885
1069223
1389738
1593071
2057492
1192438
1432870
1747163
1537434
1633977
1364668
948705
1045737
1098729
1158679
1076301
1238456
1474530
914497
1939805
1691997
1731964
1827564
994057
2000805
1681763
1465609
1462178
1307472
1264581
1843973
1557137
1764020
1432898
1528228
1546441
1536187
1658213
1408455
1481229
1297809
1591309
1703098
1278792
1847320
1736931
1971973
1442673
1620225
1328994
1654017
1757884
2140559
1784172
1817493
1362036
2324329
2202320
1896961
1445596
2024503
1322611
1459367
745903
829901
1111096
1346429
1062709
1260724
2061808
1222555
1200916
1179704
1182105
1750149
1393965
992589
979467
2008052
1491956
1458787
1114435
1800920
1613517
1880785
1643760
1508934
1212143
1583624
1839265
1675627
1252795
1123514
1148433
1212063
1119876
1457796
1328583
1192643
1259105
1465312
1800159
1832347
1617854
1974970
1723465
1832217
1739573
1150360
2270467
1479722
2447369
2407072
1455116
1569625
1537844
1694477
1605747
1837539
1568009
1594639
1765985
1286347
1034517
1120116
1208473
1230715
1325289
1282846
1483606
1940408
717744
1235399
1107503
900433
1436622
1406376
1517759
1481247
1414939
1259621
1431170
1401869
1542980
942666
904372
909869
906809
860095
909696
990611
792367
810207
921243
1922723
1503254
2197856
1874284
1924744
1745228
1805956
2382583
2301293
2244763
2199103
2282449
1575064
1404824
1203785
756252
569092
802830
640374
918642
859043
787017
706985
690120
746893
2023112
1644109
1728739
2031759
2161481
2232209
2295270
2147219
2180524
2466695
2477794
1379362
2387186
2613192
1862120
1860935
1820312
1774359
1735480
1793687
1733658
1928527
1518079
1203582
1329751
1428906
1301534
1333954
1182209
1251785
1457626
1531466
1428840
2095245
1765731
236981
60913
25408
39800
43092
65506
292372
1108974
210692
