104995
38157
1444798
1847863
1722699
1619356
1476174
1511679
1547702
1588195
1628279
1809063
1861447
1872222
1804179
1684528
1866529
2171373
2051568
1926905
1809134
1378721
1107249
1060083
1282205
1402587
1483502
1366528
1351530
1429343
1568458
2470469
2403830
1711391
1710211
1080929
1196648
1438143
1642021
1277932
1153697
1361735
1165877
999027
1096155
1262203
1460841
1162858
1210180
1773684
1996459
1652810
1524242
1476188
1380482
1528187
1160563
1008025
1253690
1287890
1213743
1660862
2024403
2110806
2118270
1191034
1367884
1016898
1070949
1114649
1337844
1031116
1159042
1903256
1086378
387514
1490958
2332969
2501709
1987834
1886746
1814331
2067606
1782754
1788359
1675304
1671704
1496618
1390070
1078280
1343256
1397207
1586571
1489245
1586005
1621179
1516480
1531926
1467516
1430305
1523920
1782608
1520677
1489330
1485172
1587878
1373989
1356547
1558902
1568849
1505701
1437163
1411154
1507559
1342868
1435101
1478789
1502308
1590557
1570843
1433001
1387387
1353332
1454716
1381804
1430502
1507449
1570543
1371807
1407394
1338512
1417758
1734292
2032915
1937371
1857267
2466139
806953
1244051
1983018
2461602
1558823
1387706
1939660
1367402
1705453
1400709
1352169
977850
1278924
1060182
839616
1443240
927443
1447151
1625244
1409127
2015787
1805825
1219221
842750
747409
848286
2288815
1414431
1578127
1360095
1042361
1404751
1486111
1450993
1767542
1875402
1918817
1595034
1348724
1948638
1729777
1748253
1743762
1866772
1333388
2559234
1915722
2298312
1548991
583121
1878038
1001692
2131247
1838265
1232768
460814
455790
658737
1307959
1169634
1136346
164367
591248
1570515
1625815
1914473
1804031
1753273
1869673
1701856
1538481
1697420
1722808
1577252
1614859
1948356
1907862
1640841
1543587
1509881
1636737
1450966
1162116
1230874
1738794
1927132
1837963
1773942
1454600
1380974
2259778
1655183
1261614
1308724
1497006
1708087
1809904
1721869
1524460
1644681
1450358
1485059
1397083
1347969
1348748
1264240
1404983
1424682
963859
1074689
1424931
1306036
1227268
1044019
956917
2035156
2137989
1352590
692841
518411
1213933
1519982
1485294
1434370
1530951
2547759
2211696
2059363
2427453
2254168
2061949
1271193
730581
1396988
1637909
2122275
2519899
1950805
1390868
1890664
1990846
2337151
2003515
2254735
2016212
2288078
1682729
2392347
2080173
1715601
1974994
1572972
999468
156744
371035
304715
451811
438066
460505
266912
278952
400316
576163
810987
1336731
618131
1810014
669798
252148
471353
2450880
1529067
1437585
2373995
2230343
2283077
2447070
2058452
1329763
1766497
1898702
1932673
1524048
1554879
1107840
1135598
1574083
1996746
1197043
1279042
1285933
1344103
1235731
1242648
1312647
1213277
1777190
1497516
1218194
1261012
1216134
1172477
957920
831248
913363
1847215
2220064
1997914
1907036
2000837
1470236
1511213
1792474
2129361
1414491
1674576
1473826
1625228
2042303
1652469
1185228
1324065
1735153
1335543
1951763
1360436
1735260
2185223
1476613
1272439
1316896
1570061
1434410
1640041
1166915
562491
861312
1614342
1707735
1059003
934643
1181823
1533070
1545980
2028886
2160801
2021366
1792397
1456736
1173193
1123734
1053891
894472
786762
861353
950579
1138634
1695850
2315517
2123780
1995866
2539674
2024137
2634441
1877845
1779393
985438
1031639
106713
2214870
2037245
1722529
1256747
1140317
1190501
1329711
1395700
1463590
1610687
1894879
2295906
1756413
1439413
1286864
1451582
1424689
1730405
1506736
1673146
1579665
1569657
1550904
1453076
1420310
1333186
1648663
1653334
1351519
1247892
1016757
1339457
1414045
1489017
1570843
1666649
1709040
1595187
1732937
1690459
1844958
1542195
1195864
1183714
1506209
1360722
1661969
1458105
1204348
1494434
1548390
2209759
832307
1587593
1498434
1530315
1945886
2031929
1590673
1287806
974869
1271334
1755398
1465502
1628300
1315013
1651971
1283921
1571909
1201413
1794598
1843027
1199185
1054130
1841727
1820874
1867456
1883019
1734942
1165931
1319626
1346847
1912443
1432145
1273855
1286094
1381066
1349004
1334574
1517041
1710893
2043965
1832160
1833669
1999983
1898578
1499015
1610105
1807376
1560776
1708590
1985202
887759
762047
738816
892884
2768564
737400
1430088
2516219
1240112
2516200
825237
1103653
1274036
1021168
2336978
1062986
670257
584926
1363676
1614144
987168
977995
970429
883909
971772
873725
1480365
2465280
2255535
2269379
2069575
2198867
988319
1036690
1042509
1069244
1023839
1033316
1044216
1057650
1081355
1156231
1222196
503867
1834081
2317078
2285624
2271849
2184999
2227242
2109991
2375726
2228926
2030403
2317694
1753091
1912546
1491153
1369683
1473577
1093837
974628
927488
1156587
1235596
1491834
1861277
1779309
1493643
1278850
1284676
1353919
1499740
1588856
1453031
1407662
1349109
1257922
1613378
1446189
716206
2143308
1954249
1573349
1219567
1508434
1560090
1632115
1851955
2097413
1676988
1425697
1163738
1191252
1369114
1305121
1363225
1356588
1776627
1652891
1630681
1577016
1616509
1488699
919929
1428664
1561919
1625876
1654440
1548321
1274777
1100567
1158015
1746306
1726559
1116667
1059457
1236070
1350223
1782431
2005926
2126620
1510614
1224682
1214460
1904804
2116949
1578347
1208681
1810538
1897772
1746802
1353905
996795
1862562
2318042
2225120
1636027
1676129
1506900
2251863
1326358
1787799
2225630
1968895
1771807
1790823
1002292
874579
744416
1974652
2012150
1801957
464972
443122
368777
586478
949069
1458572
1591293
1626522
1498607
1350606
2039308
1749487
1036676
949568
1383777
1761311
1428407
1710770
1697100
1335139
1326041
2324226
2277626
1558195
1209165
1254277
1137356
1285858
1490862
1917977
2075364
1561612
1384215
1112129
695044
1030925
2028093
1952269
1691258
1447368
2525157
1969154
1670230
1773390
998775
978416
872110
1015995
1038679
1414056
1200287
1317236
1332797
1406067
2213175
1812352
770079
1537103
1388288
1381486
1280456
1119519
1603448
1953709
2188614
1127657
1359866
2158396
1427537
1209062
939235
1000790
1169953
1516550
1526346
1435690
1510855
1501251
1504529
1312343
1249182
1258492
1311106
1231508
1837576
1996953
2145715
2557043
2274806
1766138
1502474
1297872
1103765
1236662
1407541
1459736
1472726
1373570
1560539
1353468
1774780
1328143
1453849
1496687
1759355
1546576
1581726
990263
2201842
1343359
1311184
1402657
1223945
2215117
1580345
1626331
1409622
1426058
1207679
2190766
2341963
2284762
2218967
1337048
1217280
1343821
1480202
1356504
1383996
1380697
1268900
1716205
1438181
1514034
1734286
1461620
1513509
1990944
1740261
1689909
1356024
1274624
1045097
930917
976972
734147
1157601
1191421
1364048
1478161
2437530
2046508
2097440
880253
870986
1696188
1688633
1723175
1781589
1819987
1801654
1064086
1031805
1007921
644885
1389058
1395492
1302549
1007000
687201
684482
1226730
1391824
1328456
1503391
1979543
1555717
2508236
1984856
2285682
2136790
1886758
1229377
1018025
1404962
1358774
1090709
1352645
1036083
1781538
1428171
1438300
2235189
2017066
1502463
1938140
1290807
1296397
1246814
1448918
1780176
1501600
1320908
1436101
1133876
1093379
1029035
665005
677536
1049160
1412757
1358888
2201781
1832191
1975848
1660600
1437041
1284429
1529405
1181838
1740445
1800496
1765210
2164133
2489512
2339260
2002803
2277867
1520778
651586
1114437
1274221
1069831
1762838
1296355
1198813
1485120
1475754
1736076
1517601
1264434
1030579
1201418
1167046
1481572
1644814
2048917
1731288
1173380
1351322
1513405
1394143
1455276
1490742
1536591
1366374
1713628
1370417
2073438
1882051
2269064
1876014
1449458
1959455
2192835
1793148
1925230
1774543
1756596
1486363
1152382
1229625
1161381
971614
1088483
932464
1116427
1003690
1213087
1230852
1615065
1556455
1904355
1682523
1442653
1869765
1538579
1609350
1688925
1363013
1079428
1732562
1755128
849785
973993
983357
1183728
1349378
1068328
1260231
1287851
1319980
1721887
1653473
1567565
1732311
1676950
1427134
1322315
1010428
998202
869540
922628
997545
1057787
1327431
1488134
1441594
1503183
1460522
1410945
2027616
2680546
2340743
2273117
2261287
1935227
2252551
1946880
2441635
2350279
2314508
2145494
2384562
2192582
2178193
276206
90922
133356
178422
161703
195043
169685
1474069
1448298
24446
