2797701
3134476
2880188
4248992
2849686
2010300
3046142
2960680
3060472
3171453
2710728
3007416
3138488
3338838
4035067
1993674
2559316
3214781
3161107
2744374
4278903
2022139
2803776
3059645
2971151
3251521
2793861
2760304
3100231
4203609
2226947
2673097
2958418
3034359
2942180
3415329
2936659
2963946
3070967
2991428
3551496
2385555
2902711
2958860
3016246
2978351
3055321
3132617
3106789
2684485
3260684
3764837
2340890
3090719
2524485
2934535
3203693
2893275
3254668
2891436
2978715
2809369
3319537
2957148
3007486
2846579
3426554
2867815
2850633
3079863
2788144
3389762
3088366
2744591
2975693
2843517
3019589
2935128
3314051
2954817
3093609
2812997
3097621
2810196
3406303
2697738
2902303
3758433
3094535
3089405
2716190
3467276
2735591
3297937
2533779
2516638
2924443
3013202
3185617
2713585
3108506
3027728
3012245
2994122
3071726
3566143
2364745
3034454
3117216
2971114
3040516
3034320
3270310
2901515
2774919
3138347
3130950
2809951
3155390
3031642
2862425
3001576
3045676
3091873
2779775
3218775
2921657
2929832
3016207
3207143
3303678
2797764
2947928
3154511
2827366
3523102
2371163
2848376
3045798
3001937
3388426
2492967
3239111
2938211
3096371
2886250
2966655
3083825
2918853
3197404
3293481
3600726
2608605
2654256
2740471
3170629
3252453
3122972
3003559
2876858
2892943
3063903
2802720
2866269
2952671
3298579
3145315
2913143
2971195
2770533
2933709
3111905
3127652
3000675
2998726
3055659
2765921
2910594
3007572
3007668
3727760
3379743
2410223
2729695
3002546
3027908
3072293
3583426
2349303
3033971
3067430
4030747
2013185
2858880
3059348
3031697
3259877
3001520
2657490
2977811
2982085
3030422
3051145
3094820
2855381
3035444
3109237
2949775
2931425
3200938
3497088
2632041
2668839
3153267
3614678
2671665
2656765
3696279
2946851
2365810
3278729
2969915
3133780
3071386
2955699
2809427
3073984
4174965
2129015
2500708
2992735
3087631
2964208
3179984
3226078
2800790
2902935
2879918
3442453
2590025
3219313
3578845
2672835
2567194
3210544
3123281
2918788
3128862
3060121
2655948
3062311
3654078
2973406
2908768
3040176
3312050
2896059
2526195
2876018
2721545
2898892
3097748
2984423
3488098
2735681
2856519
3068278
2987788
2997540
3120998
2924622
2936647
2988731
2956207
2958414
3780681
2889957
3137940
2756631
2827123
2747111
3056568
3044318
2926084
3060443
3105249
2930666
2986174
2876745
3681572
2643988
2997613
3082319
2706035
2972328
3474725
3142997
3330696
2017099
3139661
2944384
3086975
3398606
2639906
3804015
2965711
2993697
2331847
2987106
3008353
3348889
2774793
3184272
3121458
2601301
2797219
3465149
3137861
2949920
3048622
2587736
2952774
2958561
3475635
3211857
2379166
3079089
3021632
3013390
2995782
3138272
2818778
3088047
2865521
3047773
3888506
2251060
3035036
2873925
3020251
3326270
3302727
3089659
3591854
1903491
2695661
3007668
3007494
3007626
3007506
3144263
2904594
2973259
3007824
1284614
