3981521
3477311
2931212
2010933
2617292
2815834
3007818
3007836
3007836
3007806
3007812
3007806
3007716
3007758
3007782
3007836
4204969
2415311
2622965
3072883
2874845
3140923
3478719
3557560
1919402
3083575
2908241
2961322
3263262
2942877
3012983
2950673
3305933
3050520
2615528
3172031
2754298
3058867
3041558
3100050
3226441
2705276
3514880
3223985
2257770
2965819
2973961
3567139
2471384
3160903
2993554
3196994
2689245
3800017
2258066
3455591
3488326
2678073
2479784
2989633
2952052
3446926
2726307
2734795
3085560
3062296
2987357
2893274
3129185
3477110
2641703
3595053
2392466
3115641
3344078
2407444
3279967
3641968
2473883
2601274
3197304
2992406
2822340
3574373
2547316
3336914
2869137
2786300
3091306
3126699
2749060
3119345
2963136
3186159
3001017
3422858
2458927
3055146
2845861
3133695
3009111
2862010
3268122
3319447
2511428
3243938
2898966
3007974
2954138
2998250
2855216
3180135
2969535
3189366
4101432
3018144
2423943
2318865
2832071
3018635
3159699
2897141
3080030
2922319
3086427
3118919
2940427
2946119
3111014
2995911
2797089
3213809
2913218
2928897
3212780
2847053
3241743
2760048
3303787
3351068
2689930
3742488
2643075
2442005
3017464
3141026
2846723
2999812
3468904
3797405
1881706
2871069
2847418
4012921
2336199
2673292
3103337
3160298
3115670
2982387
2856803
2945147
3020015
3100864
2921404
2918483
3130542
2925177
3023526
2978523
2971958
3030963
3112164
2897208
2970760
3225395
3169318
2861842
2849387
3281700
2813462
3100206
2836664
3198775
2931890
3082853
3050617
3355398
2860939
2703034
3037978
2827875
3209487
2798520
3094388
3042342
2954870
3660477
3337697
2071489
3187848
2935964
2985643
2935656
2816678
3223061
2959222
3125147
2938498
2939748
3074830
3241840
2628658
3680490
2867715
3036742
3089821
3765721
1962744
2628570
3132435
3205855
2859622
2920339
3310415
3329054
3165751
2468749
2712011
3125858
3024574
2878543
3306943
2571127
3104570
3081985
2853619
3064817
3136928
2941904
3130659
2871075
3180779
2947880
3344013
2592916
3071411
2958092
3568274
2664525
2960848
2836706
2900026
3187176
2832092
3901349
2397466
2826811
3061517
2830523
3076382
3100179
2879230
2965037
3039058
3101495
3026834
3138671
2922420
2994521
2858176
3043699
3600301
2478196
3319450
3443817
2319478
3158895
2879139
3038402
2998616
3654552
2964426
3496470
2992004
3278352
2133017
2639747
2789838
2828250
3750508
2493635
3207529
2960140
3108983
3310529
2647028
2800491
2998379
3054731
2865169
3092887
2891967
3102316
2919805
3179996
2917936
2933240
3071559
3019476
3073385
3353135
2513359
2952145
2962309
3103258
3569950
3232923
2839778
2909491
2941886
2864623
3299510
3751039
2374138
2249394
3167300
3281809
3353347
2985553
3196164
2952806
3037198
2645750
3262650
2715698
3097774
2619579
2998805
2791258
3336386
3310709
3274235
2307550
2864576
3693617
3068295
2282692
3173135
3035867
2887112
2930152
2938508
3140738
2834649
3088944
2996744
2949528
2998739
3166141
3316359
2680291
3253555
2910729
2796150
3072356
3410840
2834053
2772900
3260279
2829233
2866853
3148562
3315182
3300394
2866324
2442091
3248591
3306640
2567792
3158611
2816575
2838936
3014145
3452365
2899835
2940414
2990172
2819890
3973755
2331450
3495729
3062508
3193356
3228787
2152313
2807772
2951488
2949811
3934832
2463317
2584865
2874127
3230198
2976233
2894073
3522614
3332132
2098060
3055073
3054647
3073962
3023589
3073862
3159859
3071469
2615335
3166378
3186170
2885686
3002944
2988073
3376559
3270617
2327470
3366256
3092875
2394807
3112399
2929926
3113935
3014712
3048079
2985446
3019167
3098227
2876274
3115636
2834478
3139073
3017835
3006089
2874178
2979439
3452562
3627590
2965886
2178730
2914476
2872949
3431177
2826941
2752518
3498568
3004817
3657635
2190962
3270824
3014236
3321092
2584609
3072399
2747399
2711070
2994551
3656990
2583711
3202841
2611516
3206964
2974336
2993097
3001926
2942491
2933279
3010664
3168642
3003124
3109656
2826540
3008474
2910900
3339949
3648010
3203516
2876726
2827518
2520083
2586548
3141731
2906305
3194030
2842636
3131904
2999424
2869764
2960661
3068022
3471852
3201546
3034138
2453260
3255476
2641796
3072279
3257894
3332030
2353980
3021471
3090156
3069976
2823668
3178566
2925538
2952952
3086991
3089644
2950301
2873283
3133484
2870149
3206965
2985386
2921147
3198829
3378471
2625052
2806982
3056859
3120243
2969472
3142008
3523822
3128480
2301844
2850527
3269534
2967711
3423033
2737997
2835626
2889786
3082978
2725354
3003731
3141539
2883731
4113632
1868655
3146294
3195184
2831831
2855932
3070806
3131258
2832406
3089379
3020973
2883311
3315914
2776376
3070565
3391337
2870626
2747398
3179341
2805956
3098545
3021734
2883628
2974448
3002974
3407630
2732750
3250062
3554057
3286135
2055464
3044199
3455790
2394302
2864024
3112601
3052122
3086311
2956734
3214070
2840641
2952763
3035466
3400109
2611767
3366612
2948790
2624222
3349151
3666551
3045947
2536364
2862319
2675926
3449721
2984732
2797921
2888472
2828706
4006045
2013138
3030768
2792722
3293342
2956547
3006319
2882794
3167112
2825657
3124508
2939022
3230342
2923713
2898820
2969810
3167066
2994093
3145916
2805287
3005172
2944110
3041706
3057293
2937627
2997763
3114513
3019930
3044042
2954911
2821153
3149882
3222853
2764910
3736860
3284355
2258199
3553672
2451238
3396699
3509971
2046726
2758636
3136085
2995867
2975749
3083509
2870863
3053451
3179020
3857683
3093512
2097168
2761839
2997192
3124010
3154636
3318452
3190758
3323974
2414879
2611711
3101179
2970411
3097508
2931827
3335075
3431927
2648936
2897631
2595739
3027680
3019256
3229772
3358308
2321719
3255795
3130122
2832648
3219193
2753501
3061622
3234699
2668067
3145162
3152685
2957237
2685142
3417498
2777404
3551786
3008735
2414752
2878353
3435245
2774458
2964567
2872021
2992394
4186377
2033160
2961721
2937859
3081893
2994312
3466600
2768362
2802774
3064012
2786824
3088843
2943190
3129316
3238534
2943390
2893401
3356774
2642350
2911098
3002403
3044501
3129376
2968318
3253110
3120888
2697792
3227499
2781844
2989898
2949939
3188201
3023251
3319593
2944445
2645492
2986721
3195181
2864373
2902918
3299807
2797131
2918396
2984211
3064650
2955012
2844990
3215329
2985030
3172322
2965694
2869099
3530199
3215389
2932688
2743549
3784553
3042771
2074184
2731649
3068392
2881067
3300822
2588418
3561462
3775795
2354171
2862318
3748303
2854588
2639567
3417874
2820126
2903723
2424088
3086152
2854257
2866554
2952449
3132144
3039981
2981193
3465833
3601557
2396307
2873390
3012934
2743326
3055855
2959271
2884815
3079080
3266921
2674800
3544347
2920987
2615703
3238433
4013278
1949053
2856896
2975216
3088092
2991157
2956658
2929672
3030854
3032194
3214951
3053985
3390697
2983071
3256148
2327362
2936132
3094157
2922963
2898046
3033931
2952188
3055196
3147584
3011550
2805169
3517290
2592289
3010402
3031324
3254259
3761449
2179429
2987538
2860596
2955291
3040123
3002723
2880886
2984963
3135232
3118683
3279842
3156863
2710913
3053609
2911061
2915563
2992787
3051941
3542596
3231887
2908451
2823873
2962732
3029959
2913122
3103886
2568374
3027843
3430832
3137250
3397506
2035678
2945644
3218534
3720884
2318750
2684422
3126906
2991295
2854668
3036361
3031009
3059055
2997204
3039663
2981853
2881335
3079062
2879292
3058399
3004910
3023735
3039457
2951651
3061250
3344309
3389229
2345368
2909988
3636733
2565802
3242131
4029289
2950892
2454173
2305226
2848697
2980157
3044651
3367104
3022496
2837134
2982221
2988895
3042647
2817864
3055206
3334056
2607503
3099676
3140153
2778255
3129003
2950902
3399709
2855678
3239972
2984655
2934193
3120283
2793738
3489564
2382331
3172452
3130777
3185450
3709239
2573303
2606636
2821999
2907976
2947081
3079726
3201280
2733948
3100381
3225190
2789099
3979293
3121139
3061088
2613883
1994664
3063587
3021893
2989881
2972447
2956730
3177649
2856747
3174643
3370607
3542115
3302438
2377583
2524310
2849053
2932375
3188636
3048869
3120767
2745650
3130549
3094554
3884428
3059951
1899632
3056577
3008878
3008267
2927940
3057764
2918827
3025059
3089378
3034585
3132383
2759900
3043898
3160406
2893627
3130944
3026551
2744111
3228739
2956259
3080356
3829264
2473760
3073207
3083279
2671547
3330231
2840177
3172729
2385991
3004002
3089425
4438551
1319722
3288024
3257515
2917401
2933462
3441176
3022798
3061487
3505125
2005154
2736016
3087012
2986975
3171501
2990574
2957893
2947269
3223196
2909030
3133792
2665124
3055697
3197391
3216441
2611436
3041314
3017635
3101184
3047190
2842950
2976428
3060104
2949424
2972564
3018735
3119771
2929272
3064359
3844113
2190132
3095744
2822955
3008453
3043466
3158278
4107845
2473402
2332738
3176795
2995299
3174807
2648978
2919134
3784232
3673666
1901090
2901566
2931460
2924849
3125716
2905448
3245818
2829089
3110375
2783945
3108610
3073476
3089481
3109481
2947941
3299599
2848340
3277340
3790192
2695359
2706107
2177899
3009172
2989602
3103993
3113217
3921851
3375712
2028753
2594629
3384952
3212774
2334625
3011351
3097661
2865432
3157049
2917643
2955961
3024172
3101961
3207760
2901275
3072018
3827393
2280165
2912856
2788145
3064079
3892388
2214750
2849778
3031757
3052668
3111377
2910501
3403267
3363848
3477061
3132587
2315795
2790264
3263541
2805302
2753315
2701750
3120742
3461266
3727071
2045923
2860207
3198323
2714683
4469805
2462047
2507733
2921106
2849084
2825328
3149865
3629241
2344711
3764024
3077254
2692929
2839530
2614644
2933545
2902892
3127697
2918991
3129702
3254913
2649843
3070820
2965206
3846673
3259100
2069631
2939068
3092318
2919368
2959270
2969230
3062451
4264264
2430485
2357042
3025180
2978385
3023316
3553577
2722233
2636738
2911937
3052014
3081481
3067826
3798845
2696946
2530985
3107225
3127029
2797117
2985879
2906900
3092661
2938790
3205157
3126781
3146374
2625313
4077264
1943144
3397945
2478620
3186595
2988142
2991683
2889855
3006225
3152082
3034530
2895167
3104741
3058181
2815464
3055497
3131349
4120063
1904955
3259595
3454787
2599534
2551129
4274080
1781266
3123369
3396574
3881555
1714673
2970151
2967420
3294112
3071977
2784403
2998074
2971568
2999213
3034917
2891867
3504251
3640662
2675521
2483806
2788175
3001510
2995919
3175298
2920903
3466570
2778504
3382340
3654394
1906662
2683679
3000774
2980066
2934562
3166029
3507779
2584565
3039239
2837064
4540632
2290499
2599291
4195490
2814592
1781104
2995980
3018646
3021188
2965909
3012475
3908974
3236816
1892379
2867705
2951288
3084422
3152936
3067115
3590528
2354227
3020986
2821684
3041908
3001838
3127570
2949094
3106011
3109803
2834914
2941995
3266700
3080639
3018692
2788902
2982353
3869705
2029457
2896176
3695982
2486461
2936436
2966831
3546925
3397287
2144359
3086491
2953687
3681245
2755051
2627968
3178306
2829758
3101491
3285427
2747343
2795070
3016777
2981559
3177640
3002037
2851407
2932917
3189187
2824604
3163802
3005719
3005475
2920184
3276241
3030463
2800408
3024234
2906503
2984036
3113733
2994217
3172330
2989323
3476190
2552610
2709089
3070800
3029377
3744577
2518613
2701095
2911738
3502560
3954019
3099807
2061543
2698239
2800943
3166652
2995465
3060958
4228546
2154542
2585261
2993170
3004057
2882619
3083094
2958636
3102640
3014613
4134490
2930402
2696486
2559433
2756689
2942380
2981565
3255891
3149799
2725723
2842827
3167602
3212385
2725818
2913034
3099794
3001224
2966385
3041586
4125998
3199310
2701520
2727073
2300082
2984266
4173262
1946469
2879898
3219937
2647510
3603618
3585511
3226899
1936575
2946532
3010076
3138730
3838409
2440640
2657333
2950087
3003286
3042085
3024488
3018940
2984684
2871777
3108923
3055820
3425958
3135396
2616473
2825470
3449044
2768830
3381358
2422347
3053557
3314022
2568253
3778475
2228450
3089847
3464274
2531353
3052383
2954353
2875924
3048423
3327666
4174479
1739878
2773771
2990968
3002276
3027609
3028163
3168068
2937821
3092076
2837383
2875628
3114190
3060458
3124579
2842220
3045201
2978655
3168285
2911680
3081420
2982132
3007801
3320942
3345913
3335913
2850138
2689203
2684735
2732162
3131487
2989205
2841986
3001676
2969783
3379915
2768475
2905134
4289139
3139021
1841825
3037863
2930476
2862442
2950950
3091831
3068025
2903909
3065119
3079571
3497267
2512152
3358394
2977088
2785729
2831961
2925071
3011700
3107260
2928847
3203479
2928928
2923034
3123282
2857247
3625432
2546061
4283253
1930335
3828040
2321894
2556012
2975178
3165830
2972777
3000187
2999561
3810593
3222722
2168337
2986714
3232972
2906018
2774780
3078576
2630549
3364340
2895203
3522913
3062194
2540557
3193060
3711405
3420676
2994516
3105373
2838857
3079039
2918383
2257110
2504602
2985107
3344054
3673986
3346731
1641560
2903950
3112999
2897127
3133767
2969747
2960287
3023682
3413994
3032128
3627757
1982695
4115355
3260809
2193271
2425616
2940665
3154068
2850317
3206927
2770298
3266527
2846657
2950160
3312101
2652280
3239297
3665497
2168596
3074065
3213640
3103331
2698956
2993615
3945109
2971196
2258644
2942634
2832523
3015667
3047535
3179090
2875468
2955329
3010344
3040678
3363573
3288573
3216583
3377831
1999165
3161288
2817854
2917115
3106954
3229770
3842911
1971082
2755306
3166077
2820737
4568214
2348888
2088393
3348883
2907357
3001967
2823069
3047096
3055118
3123952
2794157
3142847
2857990
3010260
3014611
2956861
3491086
2660694
3120084
3005484
2936266
2910891
3043658
2956173
3208851
3190271
3802237
2852757
2734801
2396553
2941172
3169377
2850937
2946458
2979970
3066359
3027187
3011487
2980391
3539013
3294089
3668714
2549753
3035105
2955271
3261314
2333294
2371112
3203041
3447642
2566288
3850375
2636828
3186795
2233181
3151081
2775457
3130815
2928554
2988121
3215229
2782065
3144600
2880104
2989981
3190189
2846326
2989537
3113768
2963406
3131665
2886803
3040627
3410079
2946912
3135493
2668412
3517675
2425895
3344489
2714814
2945137
3566467
2993079
3121276
3532096
2099446
2629941
3010903
2999201
2880515
3071304
3092438
3547848
2639932
2924007
3395908
2720472
2928470
2971323
3044712
2878446
3229811
3071330
2869568
3181509
3527628
3108396
2155847
2988198
2951996
3650753
2784900
3022699
3280877
2577145
3283377
3034074
3032696
2828089
2509460
4138877
1935619
2983146
2989154
2963507
3076740
2978862
3021273
2994800
3002143
3224033
2866015
2976110
3022478
3153408
2988173
2982929
2877123
3123198
3140921
2950031
3015091
2895100
3108017
2909048
3169817
2765688
3098267
2900600
3010036
3132728
2950893
2896831
3151011
3039541
3413682
3484221
2077780
3020676
3026111
3007376
3009124
3054538
3014995
3266633
3182710
2546824
3390666
2922217
3153545
3681246
2179217
3923618
1991110
2810229
3362922
2809120
3469569
3670548
2287421
3192799
3183481
2899141
2258657
2965535
3376655
2497937
3115337
3360142
2669754
3092029
3106893
2605078
3251511
3009579
3227397
2991629
2807791
3081402
3160526
2736123
3148205
3777964
2684831
2364189
3008356
2999726
3191246
2892379
2833384
3226560
2798334
3245367
3319510
3420422
2911982
2663798
2680004
2921794
2863949
3038006
2954055
3292543
2916775
2924793
2943349
3230582
2870023
2893969
3242846
3280407
2640281
3134351
2884589
3026305
2808398
4035977
3245738
2147748
2801482
3069788
2889528
3399852
2847468
3089633
2843874
2959610
3390988
2695573
3084696
3748631
2018202
3099292
2979105
2906115
3098637
2867680
3224242
2778941
3206110
2803012
2985999
2972900
3079800
3097134
2913048
2954651
3018600
3001150
3300535
3003746
2812483
2935346
3143615
2963399
2923658
3041909
3548893
2545675
2976693
2870255
3176102
3291949
2833071
2792368
3160762
2826771
3368868
2622344
3079161
3382404
2581297
3089605
4147144
2413508
2681646
3212572
2642853
2828986
3275538
2668764
3489621
4006986
2361991
2861823
3423327
3125379
2982595
2323725
2904619
3166596
3218009
2776279
3086189
3772031
2823907
2684985
2650900
2592628
3142654
3436805
2631552
3087156
3225074
3189791
2467950
3228374
3023054
3637104
3254649
2950905
2164810
3314154
3164103
2322946
3122234
3061256
3091199
2962593
3320748
2456195
2790962
3007836
3212971
3166246
2782048
3115239
3278986
3314283
3152727
3542306
2971496
2916936
2783503
3593796
1895303
2779284
2952003
3345746
3034657
2407538
3141197
3008851
3009227
3155626
2780702
2942386
3615758
2505345
3090070
3424807
2862384
3664770
2953794
2237046
2812700
3572633
3050245
3598428
1939470
2804460
3081426
3002432
3070015
3039142
2896698
3310525
2788270
3034456
3001247
3129009
2715062
3356672
2770681
3271457
2838276
3175063
2741293
2969809
2998413
3163059
2871656
2796704
3007836
3007836
3007836
3007836
3007836
3007836
3007836
3007836
3007836
3007836
3007836
3007836
3007836
3007836
3007836
3007836
3007836
3007836
3007836
3007836
3007800
3208294
2927235
2967779
3238587
2924989
2915071
3568694
3858299
2940352
2987503
2916396
2778895
3207424
3064445
2622705
2117852
3011472
3128491
3065514
2877919
3003685
3074319
2877276
3102658
2936055
3117229
2879967
3213947
2945169
3078170
3011993
3066654
3262337
3247365
3044961
3155583
3249975
2930762
2477009
2516536
2872553
3204410
3181835
2941301
2723688
3361822
3287028
3377311
3226876
2694146
2747413
2908650
2750162
2685545
3224883
2706906
3265555
2971623
3154550
3632473
3397046
2743336
2819261
2675997
2666263
2851986
2976075
3073493
3135798
2752361
3245686
2948303
2977654
3069504
2941149
3159347
2767198
2927797
3007548
3007446
3105301
3163029
3006086
3087431
3452521
3019246
3016107
3294859
3414929
3007784
2990940
3089454
2963916
2885925
2977617
2876525
2580460
2419359
3129510
2757599
3116473
3010991
3042557
2959464
2813537
3007602
3007728
3007746
3007752
3007494
3007740
3007770
3007836
3007836
2318592
