5932177
7129180
4859986
6006822
6231925
5718144
6477326
6028741
5774097
5905481
6301042
5863421
6222672
5554165
7303840
4900044
5992777
6357509
5900605
6062395
5937051
5861571
5994597
6187938
5791274
7025521
5431609
5459020
6096968
6146104
5788084
6276685
5854065
6294369
5930496
6177906
5832957
5819210
5954717
6268868
5906606
5907817
6104041
6660736
6183940
6183466
6033528
5050417
5937645
5899202
6136234
6006367
6637869
5399199
6088330
6074836
6171825
5913266
5940901
6187032
5864001
6137549
5998550
5851489
6223350
6101442
6102439
6350468
5219539
6047735
5881393
6177322
5982621
6050480
6116257
6894207
5262861
5911100
6375425
5880417
5956846
5668989
6251250
6058458
5741728
6045614
6128327
6054385
5676515
6015240
7107503
5139918
6030454
6655719
5383274
7098177
4872065
6091045
6261397
5635301
6012507
6145965
5890825
6059012
6132363
6129129
5822106
6286343
6353044
5312661
6248644
6205166
5765126
7248949
4629723
6080366
6144192
6026868
5782853
6032478
6798158
5240029
6333825
6047650
5716069
6716389
5882174
6352226
5422254
5597563
5996640
6472521
5592200
6056066
6118538
5861269
5944938
6739095
6027897
5583754
5803679
5970402
6165692
5916840
6558317
5641601
5788354
6447053
6473693
5156760
6031359
6038512
6769726
5325544
5995459
6123682
6305730
5398520
6603010
5998542
5540510
6434196
5591023
6100721
6009172
5957050
5953568
6936279
5286096
5894176
6628997
6681513
4599152
6015162
6015132
6048857
5981083
1284614
