7458832
4942145
5433126
6015654
6015642
6015618
6015474
6015618
6620280
5695848
6015768
7036279
5002977
5869563
6206139
5963656
6356453
5787559
5813165
6141608
5931717
6738865
5223589
6541100
5632287
6190548
6489262
5713657
6166399
5469417
6398978
5461102
6147856
5880631
6606295
6236756
5508107
5751522
6921935
5075157
6189710
6396713
5884230
5655437
6218005
5868405
6149295
6423875
5514073
5979556
5871121
6587569
5755366
5906940
5952388
6035351
6158901
7119576
4742808
5850706
6056840
6002349
6205346
5886546
6106925
6010898
5842115
6059833
6001791
6654855
6432418
5085080
6158490
5846535
7266309
4752775
6860339
5009491
6263635
6098057
5801950
6120879
5839887
6055719
6002049
6002921
6009372
6196155
6031160
6131087
5913668
6035439
6014743
6406015
5563973
5865853
6008007
6136730
6615347
5409186
6123812
5921299
6039739
6084369
5878246
6316670
6309148
5904457
6855542
4591314
6338290
5779961
6639469
5634500
5837869
5903117
5878070
6186555
5918436
6078832
6001734
6128659
5936929
6029503
6232799
5797554
6087202
6733441
5224277
5892040
6176561
5844267
6140553
6165505
5916941
5901875
6078497
6763267
5478373
5917541
6653168
6460896
6270356
4772764
5618088
6244143
6167669
6419512
5447519
6053110
5958056
5994283
6099801
5851176
6091035
6426520
5465504
6065567
6802873
5749269
5806509
7050549
4623532
6449109
6338900
6148970
5682948
5978348
5717353
5790063
6647095
5581785
6558193
5350987
6209002
5817264
6079246
5923593
5946272
6164880
5996650
6164284
5868506
6244893
6033179
5696086
6463744
6166718
5690682
5874432
5975186
5853081
6352200
5930586
6793645
5827179
6255864
5381100
5759260
6884643
5048182
6104325
5870306
6854746
5153133
6128609
6097451
6231328
5781713
6071856
5991017
6647176
5693726
5487682
6042325
6128647
6033525
6117394
5991910
5973551
6023924
5853617
7080152
5144616
5787425
6258118
6251086
6662452
5461786
6335328
5657008
5458469
6651541
5786552
5818480
5967433
5944417
5943943
6171766
5936196
5919374
6987959
6080242
5347601
5728279
6100335
5974540
5869188
6028683
6673398
5487398
5897272
6330173
5686010
6111627
5893644
6104104
6039943
6039945
6006767
6077114
5906533
6577300
5432034
6177102
6111480
6652302
5152371
6237245
6161030
5725412
5808332
6145270
6997363
5014949
6027015
5926738
5963664
6110352
6199225
5846941
6261963
5926739
5904501
5905362
5977422
6140380
6804119
5341599
6499989
5258326
6164723
6043045
6054711
5988229
6011876
6315402
5973373
6712498
5398683
6125647
5782653
5717178
6019183
5823490
6249889
5889113
5992769
6063530
6154055
5868630
6161159
5951203
5949282
6098999
5935390
6134443
5998953
5971035
5987763
7021215
5811871
5847937
5556697
5894721
5971616
5954372
6232471
6951195
4859007
6121202
6473088
6514732
5026590
6071590
6029335
6767002
5546567
5623419
6249028
5680027
6385917
6051841
5815123
5902766
6297847
5642379
6194902
6560521
5293105
6209703
5836588
7178771
4994881
6019752
6460912
5571136
5850836
6032033
6367850
5836791
5999124
5913501
6173877
6221428
5818680
6009343
5939837
6211452
6264038
5632213
6059554
6202725
5715527
6048861
5800002
6200359
6138016
6399298
6148077
6528102
5116955
5800041
6181889
6149880
6129966
6610621
5494155
6238000
5327811
5940409
5819003
6172125
6447026
5997864
5886324
5799181
5844086
6346001
6219147
5536690
7251711
4805949
6063308
5947815
5960526
6247145
6444682
6239219
5263494
6017120
5931977
6007384
6159134
6322459
5602691
6285583
5940878
5848134
5995414
5883609
6120195
6398525
5867776
5964670
5908350
6594537
6140338
5786605
5943081
5672260
6458675
6534756
4981322
6939418
5003172
6118201
5891029
6090064
6036867
5863188
5958354
6063309
6063192
6012901
6733538
5255356
6202535
7271420
5405065
5153923
6024808
6389600
5819355
6031542
5873070
5941559
6239829
5907258
6350611
6095650
5918848
5914021
5871895
6303229
6894689
5179939
5729975
6026807
5935228
6325571
6768392
6182227
4608547
6085480
5962328
6134379
6031390
6912722
5680021
5373363
6121011
6169636
5876199
6978982
4959583
6065455
5936207
5976591
6114437
6166968
5803798
6054033
6157495
5972850
6036615
6303024
6156486
6001778
6012906
5389993
7527976
4607746
6174916
6374638
6084285
5510279
5823028
6158476
5948467
6170465
6042822
5720821
6413832
5652750
6118819
5890140
6036532
5921988
6138506
5993631
6034245
5918699
6051919
7266123
4806140
6172094
5823785
6703366
5574756
5833026
6050565
6151266
5939464
5892555
6162957
6057422
6147939
7067532
5401466
5187071
6093595
7035068
5404465
5979581
5547399
6109012
6022481
5873604
6126133
6109035
6899411
5193021
5852224
6107138
5881535
6164045
6313768
6840909
5448382
6053805
5558617
5822492
7188337
4906130
5913006
6931852
5428839
5674412
6779106
6108735
5770183
5454174
5836437
6046688
6384615
5720663
6811879
5328731
6031386
5878638
6031681
6694749
5382222
6001701
6275810
5548675
6133495
6866671
5227931
6234254
5782996
5999561
6143947
6273155
6702577
5341089
5665215
5979825
5896080
6186612
5999908
5873645
6186846
6025018
6714382
5150663
6055346
6519943
5596228
5937571
6366089
5782477
5970781
5926784
7144913
5159327
5789685
6171217
6387473
6160844
5561056
5684453
5914628
6673808
5623804
7377696
4889790
7010082
4777084
6039834
5978384
7145790
4760084
6035710
6220051
5944755
5842670
6043746
6076664
6215814
5776909
6347339
5807594
6852058
4925633
6182443
5903267
6944212
5230850
6634932
5383019
6008064
6386918
5542413
5998336
6179677
5784324
6013791
6169521
5925659
6306704
5824642
5890539
6107950
6161653
6028800
5779889
6773954
5219708
6414298
7053826
4759782
5967595
6056423
6383088
5578431
5886676
6041730
6117253
7064892
5255919
5699069
6237456
5875522
6010429
5938203
6012828
5967609
7167584
5900830
5027155
7157528
4826367
5867447
7189129
5163474
5956608
6977139
5097973
5953373
6066573
6003624
5980700
6481778
5751869
6274514
6150188
5475904
5882275
6006925
6554121
5583736
5830277
6376089
5914357
5764739
6029885
6196231
6029897
5713011
6174648
5966799
6023856
6079965
6063552
6328743
6681826
5539341
5416897
6120692
5843662
6349698
5673609
7428160
4879688
5792918
6042781
5971934
6144690
6009419
6335482
5617690
5936771
6036107
6132407
6046316
6482679
6829314
5758375
4877906
6141008
5972964
6810154
5391059
6219686
5680798
5709125
6259543
6585107
5733617
7132081
6099889
5917896
5175493
5489709
7018040
4988291
6016949
6030894
5930034
6437676
6659885
6098050
5454080
5366281
6004385
5977225
6113184
6262261
5891577
5834093
6287705
5802287
6938724
5229840
5775157
6063202
6054558
5965673
6404251
6505156
5376996
5979142
6024069
7072681
4726388
5986814
6917102
5437276
5909324
5870165
6179070
5937004
5868250
5971472
6151780
6125568
5847157
5999831
6399122
6654994
5131354
6110549
5797395
6046329
6038674
6519404
6962803
5584858
6216585
4704406
6650683
6416663
5823623
5384262
5906272
5916675
5997294
6024704
6180170
5835863
6077174
6018468
6450706
6082405
6186087
5770384
5659951
6559546
6653372
4729387
6010104
5951819
6640286
5563939
6116380
5899793
5923158
6301141
6051077
6636024
5144045
6602749
5807599
5858022
6317451
5860785
6648337
4918765
5952661
6055602
6016073
6226176
5842125
6175886
5971102
6000321
6090952
5910191
6017065
5935505
5998867
6142764
5847724
6190552
6897903
5098456
6033487
6063662
6281628
5729534
6312883
6834791
6102835
4801339
6172042
7140117
5480220
6082622
5224192
5874592
6475479
5761783
5711971
6261090
6219026
5889193
5896649
6926169
5049020
6008082
6083625
6059944
6043701
6739932
5575780
5601798
5901955
6246598
5841568
6173931
5763992
6523253
5774632
5910894
6844375
5393486
5871270
6289380
5937101
5803484
6086561
6833327
5117494
5885220
5966317
6003183
6009122
5958899
6176934
5867699
6019750
6304281
5747829
6107014
5965567
6094568
5846948
6468051
5625439
5987533
5991212
6461565
5670902
6560652
5894218
5471839
5944302
7496607
5223814
6548706
5306320
6071215
5994288
6858220
5508892
5243528
6579459
5718708
6414865
5696324
6660158
6205554
5478964
5487049
6183490
6053792
5776943
5798798
6379217
5897287
6593269
6695033
5888432
6377299
4674587
6297749
5442195
6150048
6164853
5723088
6121103
6514877
6527154
5190840
6385333
6648673
4743930
6083858
6109157
6207223
5822726
6130256
6071734
6042138
6013339
5711102
6161472
5668360
6015672
6015672
6015672
6015672
6015672
6015672
6015672
6015672
6015672
6015672
6216094
5895014
6163576
6483765
6798651
5903899
5986319
5687150
5129324
6194005
5881604
5951595
6038713
5997196
6159116
6090163
6328991
6292326
6405558
5407771
5389089
6386245
5664989
6648850
6604187
5441559
5658812
5910428
5972461
6126173
7029519
5562597
5342260
5828061
6209291
5998047
5925957
6010653
5926545
5935345
6112747
6169115
6539952
6035353
6709788
5998724
6053370
5863542
5456985
5548869
5874072
6053548
5773001
6015330
6015498
6015234
6015606
5326428
