3612151
4554618
3551984
4234805
1522395
1767511
706628
1263038
4774698
890062
1758951
3130664
3108885
2119938
2156669
3220250
3406695
3593111
2656117
3448373
2172279
2164342
4277924
3773740
3655860
2317100
2600357
1664999
2661248
2564947
2647639
2187817
3877417
4397197
4164350
4486617
4760771
3157982
1960422
1727108
2143453
3761867
4150627
2819661
3070282
2449222
1862467
1838542
3257704
2695660
2064731
1763883
1868678
1698893
1563986
1896066
2815232
2733781
2479374
3044238
3205830
2465444
2784566
3375033
4567177
4027858
4714616
4446749
4401395
2814651
3084114
3497328
2973647
4080579
2799297
1595249
2555559
1904674
2444609
2416281
2472081
3092348
2092693
1173125
1508139
1019283
1005683
885498
2268276
2934373
2438874
2346446
1593050
1804933
1798838
2038018
1598460
1573021
2205499
2056267
2231791
2129008
2118068
1858710
1974016
2118407
1989469
3542200
2694623
3592268
3336947
3174860
2681111
1961991
2512453
4440863
3162530
2460352
2542985
2465276
2357209
1841720
2922354
2192975
2063992
1966315
1591076
1763677
1726521
1840247
1750951
1798591
1617242
1767865
2146647
2163752
2405279
1822524
1796720
1930973
2353640
1996946
1664342
2507160
2667579
2354390
1806608
1722041
1749360
1912688
1983913
1636122
1835751
1836518
2886312
4500832
3854717
4048818
2543965
2679043
3009983
3200017
2583792
2562287
2491386
2043450
2802574
1828974
2034658
1600391
1953156
2902885
3366043
4162297
4414193
2034839
3418021
4156843
5023506
4027646
3745513
4531602
4390205
4786589
4202899
4420444
2728444
1911245
2204686
3253895
2330503
2280532
2100247
1971712
2300852
2795349
2741598
2278119
2368489
2412814
2564246
2541319
3565191
1894187
2304897
2296082
2802184
2817875
3298964
3801326
2960878
2649635
2328620
2430095
2400732
2850839
2977497
2763902
2357294
2135457
2611514
4010207
2779765
2188093
1903580
2228059
2339269
1933730
1715790
2238973
1957229
1226129
1518553
2225361
1755442
1857644
1871018
3394924
4743270
4492714
4254503
3977111
4628760
4873191
4108467
4345018
4578665
4633478
4167233
4823098
4668271
3939786
4934748
4328351
4012382
4583257
3775103
4212080
4605061
2991067
4975781
3663220
3048885
2873239
1999581
3990868
3472139
3207919
2503188
3786141
4568929
2746118
4136591
1832375
2532524
2919430
2452486
2474523
3580051
2744601
4732321
3920100
3480188
2465766
2114793
2484487
1952178
2859443
3677565
2767530
3800949
2619697
3127623
1996474
3264216
4149972
4819406
4002254
4507726
4490645
3736220
3171973
3591420
2469009
2998944
2801528
1984993
1844221
2775486
3692992
3104126
2837098
4040036
3912670
3702716
3598782
1784380
3353714
2535667
2364031
1732257
1566616
1588663
1379698
1486264
1951886
2000443
2821803
2949087
2479816
3467057
2452426
2804186
2639709
2921338
2040643
2011225
1453349
1862376
1235662
1757098
2493739
1795247
1696234
1833492
1463849
1387307
1372665
1804463
1883332
1549122
1596206
1632783
2730408
1318940
1620578
1215704
2292028
3050730
3155461
3715805
4420416
4651618
3777236
4266692
3265884
3237109
3348163
2939746
2965598
2590376
1876014
2356901
3680025
1880467
2079214
2536720
1330082
2485520
2839626
2607428
2214330
3208770
2879967
2784762
2486077
2684225
1829441
1389708
1983786
1575678
1299084
1470297
2350846
2044999
3012883
1715059
1406273
2799173
1602589
1755516
1435586
2129708
2366997
2650792
2559023
2935468
2218231
2810030
2555764
1925188
2232382
2378755
1889153
1706788
1977615
1756495
1932731
1893942
1701777
3201186
3944188
3425831
2795974
2890752
3007042
2707056
2886177
3271174
3003321
2498605
2112710
2905532
2744320
3489737
1982265
3346153
3681541
2008883
2065480
2129006
2253455
2605723
3073698
4289179
4097466
3185471
2784171
2822741
2771652
2378520
2206575
2167049
3362191
1360408
1808632
1873798
2346449
4420439
3565287
2965746
3016192
2566442
2353793
2764222
3872050
3761632
3356267
3246529
2566700
2906289
2212137
2540502
2729558
2076763
2239395
2043996
1999662
1701480
1617218
2266016
1862395
1656483
1658086
1474331
1510558
1607040
1990340
1599037
1717945
1691649
1409331
2437298
1298314
3658591
3344508
2151300
2164113
1768549
1274388
1997281
2049111
2439647
2303639
3929878
3342378
2583875
3400084
3044762
2753582
3451215
2683746
4209198
3540123
2607021
2531859
2699942
3861604
4090691
4821885
3686730
4373145
3597852
2861965
2647362
2677588
2478094
1974190
1959963
2067549
2127697
4283120
3906317
3612288
2504715
2804797
2399441
2450913
2527689
2764331
2982604
4122234
3177976
2214948
5112234
3807947
4363756
4476685
3352577
4293576
2525175
4090391
4513391
3985389
2871950
2214361
2297186
2172327
1929401
2191477
2178329
2314322
1657122
2638872
2432802
3995632
2832413
3985707
4332530
4570307
4074372
4464309
3739408
3160648
1270028
2426610
4984452
4161808
2470253
3444175
3661962
2799220
4828367
4268863
4433815
4048238
4104310
2826544
3332304
3931909
4000904
3473564
4173776
3881659
2865745
2016292
4555608
3229707
3248257
2996139
3822921
3921561
4480477
4810450
4290013
3666593
4070181
3925631
4562988
4270112
3812936
3324182
2480062
3864219
3690876
3494056
1424372
3295987
4361732
4736531
4344771
3181094
2647681
2149988
2787049
2987714
3746981
2269449
1978327
1933711
1751450
1951313
2219218
2071371
2925023
3296310
4376430
2726249
2680663
3050230
2231605
3918797
4490410
4560662
3459719
1065032
1652940
2114697
2323721
3292192
4469513
4597561
3921279
4051319
4738554
3625929
5030259
3432276
4300734
1273693
1496801
935424
1061949
1184563
1632703
1950826
2152065
2590138
2280566
2753345
1361391
1215658
1298822
2354578
2759337
1868233
1853886
1643278
1545876
1387456
1439143
2738819
3689857
4369076
3373145
3106048
3445761
2501416
2581651
4087341
3282358
2864844
2080347
2914386
4150316
3869701
1434539
1456706
1522418
1431886
1455327
1581125
1581010
1391503
1425856
1748186
1539494
1242579
1572821
1305812
1434788
1873383
1516868
1669269
1478285
1182237
1115271
1818908
2166925
1208298
1149880
1301015
1335342
1839713
1638601
3363080
3599435
2005412
2126406
3223046
4457511
4561895
3027670
1757701
2041817
2042981
3057758
4708909
4028222
4312577
4486929
4736945
4467108
4397211
4602645
4279867
4482696
4559515
4512534
4188627
4170347
3244562
3199366
4023365
4328185
3496181
2748205
1991556
2940253
2785639
3621061
4249055
4066237
4959304
4575801
3673585
4526314
3301726
4398801
4871935
4326009
3938333
4239479
4127963
4811821
4529467
4180814
4602263
3777706
3508757
4743954
4283381
4586687
3819165
4616462
4280610
4468171
5003076
4488924
4207909
4779194
3951304
4747053
4239040
5082717
4343690
4446455
4584574
4343775
4390473
4721688
4585136
4611276
4214244
4455342
4679793
4675664
4402162
4600210
4177009
3966657
4574716
4713912
4450536
4261384
4625786
4005628
4969869
4334584
4100078
4732816
4401261
4218575
4857183
4232635
4784596
4260341
4701423
4288701
4660192
4224476
4582577
1832192
4192062
3919342
3450458
4266621
4672111
4441412
4596090
4690594
4420585
4173250
3979943
3966008
4708081
4168689
3423089
4871744
4350415
3812699
5069802
4151752
4743430
3893884
2907933
4115336
4244563
4857929
4200237
4810498
4088544
4641113
4314325
4482065
4905254
4062891
3433431
4409844
3945878
4472458
4484729
4156059
4297757
4401378
4113489
4156156
4236037
4264917
4462049
4008809
4295296
4544205
4619279
3332475
3305276
3277538
3244100
4620267
2803304
3303026
2168313
2636485
1433107
2496908
4378152
3514987
3344747
4390763
3913918
3989491
3092244
3104216
3580884
4435476
4291476
4080822
3805015
3978683
4135011
4234961
4061924
4618755
3948650
4235294
3872392
4163906
4664838
4423572
4166392
3458961
4239462
3598090
4322635
3741317
3885066
3553734
4921694
3096806
4314005
4890726
4166597
3873526
3954006
4017362
4215324
4233519
4491052
4037267
2888234
1920307
1699381
2903566
4460065
4406251
3675192
1511965
2951959
2168762
2511308
4605424
2950186
4188780
4276212
4466775
4107505
3443266
4076142
4321924
3989123
4030624
4466953
4222506
3188850
3954221
3823061
3310302
2600530
2339204
2247411
1991362
3362267
2749920
3278943
3377180
2997909
3822799
4344255
2917858
2640174
1150177
2915853
2363055
3751687
4252742
4253627
3203822
2870270
2639270
2388566
2803271
1884945
2149166
3493856
2871950
3651032
4316176
3477061
2842506
3147667
2190796
2235824
1612652
1978708
2205437
2355978
2255421
2037855
2165732
2238830
2448947
1701497
1728407
1582413
1606502
1805408
1040607
1001432
386665
106494
129179
248901
682629
1111810
1764695
1541142
1231419
1199277
1537100
1774981
1664138
1693540
1617228
2384697
1961338
2194876
2175115
2317091
2304593
2268164
2405071
2643557
1981190
711320
962762
3647872
4681565
3094622
2375498
4671435
4313853
4742380
4342208
3805060
2869219
2660211
1639772
2945321
4533553
2460156
1694762
1644909
1416368
1819765
1038085
1835209
4332877
4276279
4365085
2846648
174419
