1175347
1563195
2152616
1583874
2007233
2388278
3616961
2108905
2129031
2303384
2290204
2456039
3073659
4125778
3520687
3927921
3260528
2933968
1721621
1805796
5105942
4152621
4092952
4276786
4467124
4036305
5064551
3483711
2827199
1217077
1434724
2865574
3544683
2876027
4569119
4003951
3601757
4953040
3988223
2741794
3953453
3972723
3851679
4536993
4584590
3180116
3474557
2813144
2791371
3507606
5038529
4529924
3268322
4855489
4499513
4380482
4433077
2197177
4584447
4273447
4157188
4309098
4414378
3828463
3731279
5051962
3832609
1637409
5286608
4248750
3955298
2722987
3878863
1596003
1665766
3296158
2941781
3306088
2186552
3190297
3274728
4763447
3296869
5357921
4074289
3708480
4599622
4758310
4207577
3680010
2828335
4384190
4815548
3815574
4064724
3645272
4503347
4480467
4717111
4414691
1494202
80082
106926
111055
162166
566845
606530
754174
699644
628029
863922
731597
1044935
1073880
1128782
1402087
1084894
1218510
1710855
1660870
1558650
1896314
1371267
436015
233692
197610
335230
183256
