83389
453866
489466
531372
1830048
3317899
2663930
2167127
1966563
1683325
1102841
1372073
1955469
2407179
2823017
2224084
3226389
2863259
3998109
4071143
2881957
4363673
4615994
3699145
4593506
4716583
4299847
4856622
4619277
4722263
4540042
4024951
4599600
4669052
4213926
4423020
4830193
4725883
4158133
4668669
4353243
4588150
4509752
4181395
4415550
4227931
4348059
4552101
4591966
4983714
4092987
4862552
4299848
4039588
3280731
3599672
3273240
1523235
1894810
1394303
1559114
1113372
1090800
1375431
1705704
2111399
1184341
348882
1200872
1408252
2059276
820110
1140153
2675086
1574054
2539261
2831536
3967968
4135324
2313656
3377548
2051653
3037094
2851977
3720915
3766867
3319624
3245867
3716003
4010531
3854465
2533758
2603905
2153912
3484720
4004888
3154672
3050070
3794764
3475765
3471896
2565658
3545277
3239354
2358739
2786792
3303073
3223989
557388
642736
676829
783309
1388406
1295248
1094157
1231873
1953996
2086929
2851717
2688030
3651443
3737291
3472937
2549281
2795875
2896047
3780595
4302016
3640277
2402915
2550489
1932317
2925784
3600056
4594085
4298383
4414230
4381315
3842940
4474841
4074793
4765429
4187788
2488208
3596260
1970621
2160420
1684960
1945999
1284096
1007520
1504903
1561052
1742286
2177242
1620401
1969418
1866979
1166414
1460640
1516675
1822332
2324062
1606397
1900675
1508160
1629202
1906389
2475476
1964224
1661846
2012924
2016810
2955262
2238774
1609372
2286122
2199377
4380497
2905399
1593632
1422506
1730658
2751631
3941245
3519278
4056664
4162189
4335476
4372034
4441897
4165367
3971213
4182550
4174207
5141457
4391076
4083882
4823027
3418507
5113185
4453159
3441669
4212047
3815426
4316365
4179800
4974787
3645014
4520912
4849598
3370284
3338261
4436545
4218473
2601377
2259847
3607880
2817648
3031587
2148967
2522384
1496034
1537984
3395831
3051490
4082119
3159642
3514465
4213940
2711631
2282548
2840048
3678582
3526681
3213047
2589707
2735558
3166220
3799659
3248922
2515722
3741449
3572276
4633949
3134587
4155166
5182310
3459522
3743196
4217434
3748305
3889973
3782716
4383659
3410138
1316785
2207430
1017097
1705712
3051628
2192768
1561180
2024857
4135852
4091637
3679261
5049491
3304494
3701398
3244464
2789154
3769088
4589668
4077406
3208053
3626768
3431956
3684552
3132371
4081258
3363257
3840589
4092114
4253464
4792609
3796115
4031733
3624329
4322191
4363456
4621740
4813813
4441693
3485346
2541507
2531447
2787748
3735345
4333125
1902386
1909931
2918996
2567001
2102495
2750366
2600247
2743585
2270911
3375442
3514962
2816464
2795941
2396657
2437996
3170224
2939913
3047437
4136069
4190861
4604917
4479828
1354474
1464573
4766392
4203381
3924273
4363645
4669337
2872451
1499571
1261453
3637391
4097391
3246110
2412356
2839241
1976256
2207104
2690049
3688414
2460979
1812186
3278722
2536106
2800145
2200533
2135648
759629
2093351
705758
1632642
1078203
1259218
974888
855536
1652254
2436175
1644889
1538996
2033723
2922755
1568861
1716644
3186541
1832278
1913513
1426633
4220825
3576238
4048426
4021689
4041393
4447820
3893541
3856090
3555608
3965394
4477923
4422683
4458658
3884104
1594292
1949774
1921705
3272550
1285133
557206
1240379
2138750
2757165
2352796
2352689
1968852
2484466
3039670
3551232
3386902
2624775
3021525
3212144
3891116
2932079
3092107
3433291
4671063
4349224
4374533
3602975
3577636
4676766
3928703
4546412
4051868
4600119
4859778
4291080
4913768
4170369
1815937
3287026
2755674
2521949
2857438
2735435
3148174
1383146
910082
1116131
1036948
1583728
1264635
1269333
963191
316409
208808
1542481
2108847
3862566
3657535
3380275
1563213
41443
