1155137
3292941
3417239
3239930
2976720
1128548
1018724
3049292
1442629
2915583
4501235
2509997
2340635
2596356
4113857
2856005
2422901
1872841
2915828
3023814
3486941
3279191
2204368
3599594
3997994
4425136
2928069
1718598
2064185
2643181
2235490
1907316
2925615
2748628
2279509
3517567
2286958
2566496
2047121
2688809
2516624
1968881
1503762
2959315
4716453
3797576
4866353
4040679
2706428
2042872
1999847
2479793
1957455
2343326
2343922
2001893
3423077
2600278
2013086
3126773
3601939
3757591
2241942
1993572
4387057
4228166
3226238
4126438
1892053
2039959
2121179
2125292
3127252
2602531
2740689
3188924
3540544
1831907
4286058
4964212
3774320
3413213
3085246
4722507
3410339
2031678
2534109
3073295
2163100
561549
2062236
2194095
2262950
1960687
1452787
2765430
2628400
2352717
2334569
1659969
2059168
1882324
2439531
2693957
2572103
3020973
2058959
2134278
2505079
2227764
2699843
2707101
2788347
4279320
3755801
2696547
1943838
2709992
2164440
2067718
2535134
2071024
1741200
3623641
3433902
3682869
2312370
3001141
1979602
2192546
1589410
2353983
1530983
2305666
1603656
2156924
1780655
1965963
3133506
2686873
2304969
1911453
1378042
2692605
2154351
2869962
2168990
1367673
1609784
1110520
2684076
1880089
2479920
2698362
2243725
2141621
2180145
1898461
1489560
2858578
1509339
1245024
2813129
3363642
2479581
2101051
2324243
3767838
2931982
2706465
3428366
3311733
1680689
643686
749510
954321
610359
2385
