4170487
3885842
1089580
365426
531594
530723
611840
1375541
4616470
5056059
4308807
4167274
1968230
2246369
2388823
2747761
2539051
2253521
2477011
3188988
4421807
4455425
5346007
3751073
6319604
5276377
6774541
6649002
2230012
5844870
3867737
3665254
2855689
3874626
4828288
5262466
4140452
4248795
2536109
3752992
4289247
5929339
3251126
3928467
2635810
4183472
3060197
2979115
3077714
2785061
3101478
2424495
2865666
2493460
4205063
9115657
3523450
3646801
2164636
2022927
2022233
1995229
2524942
2745388
2273492
1891903
3024756
1677249
2008694
2149838
1931564
3295060
1762840
5829146
4231584
5289807
4825928
4469150
3244238
3659637
2909896
2962586
2727591
4128822
2582888
3038617
4215084
2662356
2715926
4227111
5195003
3271819
2552600
2884522
4380137
3591493
3234261
3727241
2843914
2914995
3667142
5002675
4525683
4303765
4203927
3089794
3368993
3219570
3901266
3445576
3793621
4856040
3875127
3002840
3717510
3853433
3911750
4317677
2794829
5025956
3151828
3364674
3778922
2932498
2157980
2485507
2121253
1951790
3463315
2384658
2057763
2567191
2701934
2491311
2550049
3336822
3783613
2947406
2674289
3821446
3297408
2831982
2999507
2222403
1850630
1626943
1930939
2489988
3658545
4020629
3148648
2965217
3295910
3659105
4703210
3254944
2987247
3626177
3613579
3341535
3457785
3134818
2889046
2842868
4099518
3537565
5335341
3690931
3834953
4182964
3233781
3610073
2905186
3287561
3452685
3509535
3645642
3476268
3122403
3543410
2329851
3316758
4369602
1897704
1799339
2584342
2813114
2740732
3924633
3850709
3391296
4228906
4840437
3771012
3432200
4343310
3470571
3511204
3298427
3906897
2851858
2893346
5246103
5628866
3063001
2856620
4146134
2396793
2557458
2555314
2612033
3807574
2386056
2761308
2580732
1659697
2433734
2005997
1828786
2004531
2970749
2969210
2470779
3334658
3397811
2781361
3145274
2017125
3373597
4350346
3337369
3069499
4230082
4510397
3952876
3704089
4429569
4976822
3355627
3829490
4019280
3186038
3019816
2450311
2065154
3673236
2614159
3934411
2490236
2747037
2638708
3101475
2477631
2760642
2787094
2650955
2270323
2248922
3261902
2427391
1859927
2985996
2129731
1476248
3051193
1490309
1835854
1695342
1934291
2591910
2554970
2584122
2065727
2836136
2295640
2245905
2970620
3197320
2976160
2503152
2073972
2543558
2411217
2737169
2393000
2183178
2490385
2628474
3338960
3199724
3227372
5663075
3561733
1811227
1765579
3027934
2725759
2610208
2059348
2180129
2424029
2319917
2443305
2688211
2724972
2536567
2380848
3878665
5552371
5506574
4932468
2796782
3401146
2389100
3409945
4049476
1731237
1547023
1834602
2206486
1863114
1774251
1765911
2134331
1930701
1318145
2090147
1770575
2024418
2003082
1870439
2350203
2009332
2063965
2603814
2421844
2985018
2224637
3850132
3198232
2815226
3402638
2925182
3306353
2997720
2835581
2592541
2468457
1737250
2266209
2932354
2948456
2396972
2349023
3387588
4210378
4292861
3272824
3575931
3179801
3475137
3419918
3269150
3151969
3059407
3967581
3473783
2626081
2628715
3095216
2842091
5266624
5964737
7089457
5397066
4010321
3331320
2641887
6303004
2972083
3678744
3647413
3672813
3047697
2714569
4474265
3416297
3147569
3558254
2367070
2761079
3005635
2830125
3037242
3191915
2880191
2822028
2945439
3794741
5213400
5333314
3062894
3429164
2893621
3308625
2984542
3143306
3017338
3365360
3940451
3930744
3160557
2990916
3101885
3838061
3853149
3953266
3922332
2868681
2921331
2896489
3079772
2790502
2870915
2453828
2291640
2069903
3488663
3501152
3199329
3395567
3078144
2139618
1014401
2079290
1477662
1328127
1226112
1406421
1255020
1377565
1578934
1621708
1544985
1555289
1753198
1658088
1742625
1787403
1757209
1753689
1852452
2131095
5084043
3062945
1637896
1817163
1561263
2537365
4675165
4471030
2965326
2811011
3400029
2404948
4674977
4933112
4524756
2775923
3687209
2595665
2750067
2619818
3340508
2705039
3092156
3207821
2268660
2627870
2427652
2230646
3987212
2453903
3397506
3221468
6113133
3171237
2241453
5269549
2694364
4443334
3820225
2889517
4550090
5096717
5264285
4740931
5825317
3894923
2979070
5964998
3321626
3905829
5402980
5071941
6026851
6761990
5064679
4311169
2781923
2489318
2387520
2035883
2850141
1803097
1987062
2194462
3078746
3553475
3140277
3500726
4147007
4723161
4502935
1794716
2016183
2324656
1305615
2145381
3350406
1713728
1485284
2552103
1222802
1147161
1310994
1996260
2263977
2470024
1650756
1551427
2914971
2154773
3780096
3450904
2747999
3784612
3073261
4441307
3971614
1854485
3105011
4212210
4087254
6756389
4148013
5948125
3068235
4265195
7594927
5028975
3065648
5758627
2297302
5568804
7064094
4469384
4225426
4846445
3821320
5954078
4966883
4925098
3922072
4192131
3517937
4282495
3250791
3289119
3486337
5654755
5015501
4042360
3417877
5891914
3517246
2018501
2260975
1622320
2202489
3388522
3858504
1748221
1644222
2656865
3575674
2913638
2285080
2007570
1354364
2151298
2941627
3242299
3991006
1298173
1124741
2266363
3741762
2266805
2447252
3587261
3813530
2450985
2868067
3519497
3515397
3837383
3317230
1822433
2599289
3424646
2153757
3012815
2674703
2427275
5548270
5268171
5834603
4034102
3308573
3963748
3983445
2023500
1438416
2295124
1894531
2491134
2317022
2809638
4848837
1810191
1691092
1508430
1814101
3400589
3768527
1169004
1331609
5150641
2476202
2208748
2893057
3797378
7066690
5465179
2950735
3518181
2401275
1947027
1927878
1923989
2103728
3567021
2509817
2240739
2827946
1700997
3740014
5817916
1721853
6621138
3703325
1599354
2173597
2736641
2255521
2261593
4248149
3710919
4198947
4839210
4024648
2193273
3599275
3809163
3969029
6182519
4522534
3092043
5251468
4191366
2763033
1873674
2940677
3024730
1472773
2201682
2975478
6289161
4561547
2726582
1314314
1926514
2573695
5811195
7566368
6090126
3502513
4219198
2989901
5612792
6214791
5694928
5075074
4747748
2868321
2592056
2468263
2230729
2848081
1622929
2383002
1465209
3884413
2566722
3394845
2490856
1198498
1472648
2729482
2236310
2329894
2307821
2574290
1631992
1755914
4890317
2381564
3842621
2174602
3023604
4210112
4302613
7195714
2620010
2877635
3449689
3499665
3417546
3864254
3786710
3827856
2534556
3940948
3417616
1494551
1581942
1943031
2936158
3062217
4352331
2983541
3150593
4074488
3503015
1458372
5652246
4340467
5589053
3604200
4798707
3690690
3826028
4825363
5846527
4371680
1972041
1800185
3773245
4476475
1583142
1635859
1654768
2910309
2553196
3492663
3201497
2863879
2740422
2599507
3289859
5385763
2499298
1303260
931472
1196707
1104627
1093727
1189710
1239224
979198
1122628
996933
1103241
1200228
1319617
2059336
2252436
950158
1090766
1226214
1483889
1331299
1694087
1182107
1098768
1326402
1416421
1289115
1446002
3379277
3642254
2861922
4526205
4810569
6417022
5641006
5222735
4537262
5246387
3794812
3647835
3222285
3953554
3775696
3904510
4745079
4098346
2150471
1722056
1736037
2168862
1358116
1905000
1565000
1361521
1401687
1955395
2286540
2486771
2250249
2034581
1927811
3447931
3742272
3862352
3255391
6611081
5937244
4435940
4114188
2811444
3161814
3379834
2851890
2624861
3442924
2137400
2231204
1974541
1413861
1577981
1292978
1492089
1634118
1431576
1832818
2146527
1540454
1160881
2554853
1463075
2611733
3678105
3644328
3865446
4243268
3517039
2705978
1958911
2521199
2335348
2752379
2641893
2173319
2389014
2339718
1756735
1926255
1836480
1714797
2130640
1822163
1758714
2198833
2134437
1868323
1996881
1798811
1488621
1441962
1247878
2162073
3940309
2740342
3290458
3075439
3510136
4076055
4176185
3683822
3802176
3478329
3883967
4039908
3692636
4350585
2816194
2706842
3665796
958538
839592
1655800
3430409
4005582
5084050
3447224
3279953
4566092
3512613
1975148
2560492
2626498
2618261
3746718
3782661
3353185
4246858
2970460
3343163
3054093
4183644
2838142
3149125
3597680
3368755
2866473
2253835
2143110
882111
91497
92653
66023
50336
74973
90264
68888
87953
169773
317982
1294952
1449751
1732961
1502444
1309729
1402807
1564964
2094293
1610391
1490241
1705614
1672316
1374561
2117283
2214317
2180935
1849081
1880185
2488695
1745382
1998383
1767612
1234631
1366103
1658553
1239620
1375655
1826289
1483268
1588723
1691573
1964328
1765938
1498335
1663568
1677577
1614038
1422380
1505877
1615892
1707165
1466059
1757953
2553697
1878404
1837238
1953683
1781743
1899764
1736564
1408441
1004472
1544758
901090
195191
2172
