75617
1448389
4411924
4240939
4274252
2478761
2305119
3288782
3049375
2738960
2941689
2760193
3032651
4155031
4630085
3790662
4195843
3109769
4036148
3175394
2913190
2847600
3757839
3479127
3945957
3353505
3556956
2541893
2903034
3651416
3497678
3320969
3144946
3027431
2797904
3536459
3703492
3546973
3730320
3279815
3409155
3183027
3522358
3323172
2823098
2908708
3151422
3206479
3466058
3267842
3884856
4479333
3704126
3874314
3799466
4337375
4011472
4129822
4417477
2080638
2314606
2247911
2678146
2819332
4238029
4110870
3050761
3192087
3287656
2866671
2995732
3224735
3250944
3953712
2634898
3227941
3529561
2995877
2845567
4247962
4856124
3771636
3973221
3667051
2783165
2555162
2648151
1660520
1857266
1662200
2706447
3397597
3325228
2803064
2823858
3855957
3191371
2183998
2310848
2492931
2138202
2252393
2088867
2300432
2401826
2184185
2331911
2074398
1979137
2541068
2383324
2156261
2529098
2244007
1867491
2263507
1912494
1636179
1941004
2036425
2157811
2212776
2572691
3297987
2836853
2812622
3043864
2873685
2357263
2419846
2443376
2300514
2386388
2841451
2659661
2031071
2254749
2342240
2305551
2433221
2483182
2201232
2449122
2258321
2959699
2675895
2434313
2002145
2310052
2386961
1911597
2753141
2982969
1676598
3844284
3048848
2355785
2581575
2372687
774631
2816146
2923356
2565675
2759245
2522915
2790520
3065427
2902280
3534557
2772638
2677238
2437246
2826794
3069230
3814975
3922909
3952728
3751908
3716278
1648044
1870250
2797277
2823759
1657230
2311813
2815444
3487661
3436576
2680309
2756806
2617847
3822108
3349436
2477869
3488040
2488725
2227525
2566043
2838011
3570412
4232745
3668839
3545418
4747949
3270840
2813845
3384007
2754509
4471569
2621557
4454109
3766902
3676623
3367804
4666863
2598091
2496207
2305667
3110770
4100817
3864862
4741373
3790584
2483322
3155236
1680493
2579140
2388811
1824340
1843853
2306046
1958780
2409608
2028652
2086983
2040299
1893035
2240010
2006587
1881951
1876229
2441462
2765362
2532318
2313571
3296065
3882167
3898932
4192490
4286201
3180813
2982598
2848811
2762431
2756492
2954040
3061956
2659529
2947815
3322951
2707153
2199126
3030015
2485430
2664140
3061124
3631528
2959946
3383626
4411029
3706797
4573252
3810883
4530051
3264731
4037868
4850944
4619448
4642250
4241871
4807742
4480379
4279343
4133421
4740133
4554476
3742897
4409694
3383651
3637106
3234240
3074283
2097936
4359388
4261942
4372844
3629651
3661207
3386533
4174395
4908931
3976833
3076487
3530982
2871982
3197359
3010885
2196834
2611797
2633727
2630912
856919
67016
77322
104166
337293
501354
