4425912
2486130
4000007
2622588
3594559
2598259
1657070
1538353
1857213
2977396
4058832
3500197
3490828
3180048
2966554
3362246
3197494
1890879
2549356
2270315
2750095
2296265
2854991
3427152
2882310
3048435
3433052
4797040
4816590
4480614
2993034
3787046
3309100
2733804
2946503
3654599
4353856
4222688
3371671
2714860
4323277
4256437
3864230
2360229
4135468
2906759
1861388
1637443
4597908
3562009
3373935
2807369
3160336
4191426
4674858
3784809
2492296
2381813
4314524
3727820
2721306
2633846
3395987
3405870
3436603
3632041
3030119
2344521
3006388
3272657
2015254
1894064
1908184
3836703
2977399
1584904
1816137
2245358
2346395
2681325
2662754
1972999
2626495
2937025
2650837
2425943
1933428
2468276
4056834
4336366
2485451
1864418
3029591
3824131
1557859
3653847
4146234
5066228
3907913
4498618
2933633
3558288
3231587
3804599
2402471
2398673
2388874
3157550
3346408
2698046
2020981
1998867
1863436
2595129
3436015
4091870
3956470
2302838
2161697
2009302
2431582
3287856
4065458
3496289
4095986
4384377
4270671
3317287
2880295
2800701
1760529
1730598
3071281
2564065
2454612
3269613
4516795
4748062
2869340
3043198
1755441
2526070
2989444
2683000
2174228
3154815
2959337
4164136
2014472
2863175
4147358
2210689
2880382
3554274
3525335
2469562
2201277
4203767
2162022
455680
100788
140382
908758
332393
