4433075
2737934
4379733
3101113
1372638
1630389
1883627
1772335
2124728
1869785
2126540
2392010
3880352
4794288
3177624
3376191
2884954
2989736
1568837
1563170
2460256
2882412
1847203
1602565
1770663
1469113
3934705
2759096
2443054
2579551
2823863
3908391
4084986
1978747
2499099
2680785
2356636
2369440
1980875
2195809
2724101
2753546
2877241
3217760
2210666
2335716
2126681
2691805
2972540
2235541
2083979
2400673
3010048
2428276
1921186
2320439
4839584
3544973
3481261
4862060
3779454
1945458
1914949
2594711
4244953
3732626
3126655
4132925
4070312
3354932
1860229
3664487
3617837
3462983
3449610
3897187
2534685
2111893
2853767
2720686
3016291
1214540
1444590
1486881
1420530
4107146
2908627
2822261
2104861
2542544
4233719
3581150
1903593
2849966
1656591
2136842
2050801
3351064
2177258
2027034
1759473
1521375
1939479
3891305
4328108
3881140
3402035
5415951
4383201
1520310
2463183
4930677
4787169
4291724
3843264
4974703
4878333
4066483
2075757
2289460
1851785
2488419
2777874
2145861
2143136
2303167
2320403
2729179
1908106
1910510
3084999
1685670
2549517
3350339
3341952
2278555
2926967
3818967
3896985
2600751
2194216
2368615
2542691
2418307
2466398
2425455
2104567
2499814
3491772
2613867
2056923
2548791
2752111
2747973
1772979
1768866
1686388
1709962
1615818
1305693
3126878
3407473
2343593
2624634
3405379
2025222
3541256
4112598
1002408
87712
145518
287854
1019644
