2865104
2546538
3441122
3176042
3255459
2579451
3832232
3595583
1803432
2071147
2697311
3019897
3333523
4163172
820947
2752264
2748805
1135111
1083976
1420988
2002838
2745636
3322317
3050889
2497290
2772876
2407286
3665360
3255081
4166612
2482311
2720525
3410170
2863690
3217635
2625079
2680151
3580315
3309066
4658779
4656390
3814488
4126587
4227231
3577853
3035426
4150151
4273455
3495571
3602698
3714582
3211511
3693068
2146318
2556704
3667479
3817604
4696424
4686523
3584514
3494743
3062237
3095598
3684424
4090604
3388355
3054269
3265857
2940562
2783584
2553163
3122490
2861396
2343281
3132459
2419412
2431113
2561840
3482516
3108991
3472061
3012513
3973296
3048802
2700422
2763008
2012207
1634970
1366657
1294576
3575716
3589710
2869462
2622256
2867586
2609413
2546564
3133733
2580219
3221031
2913038
2771087
2829408
2349476
2671715
3128717
2684188
2062683
2880971
3565584
3261498
3710292
3850089
3930602
5068501
4371200
4846098
4422136
4327297
4242909
2780994
3038145
2890868
2795147
2436791
2720124
2703301
2990793
3254611
2069494
2566999
2826329
3536988
3735703
4458871
3828541
4199135
3983973
4236065
4586909
3967464
4420575
3510067
2551647
2777688
2718655
2655806
2363713
2275690
2482632
2397156
2154752
2967842
3024585
2640529
2709609
2846115
3037371
3060452
2630875
2494627
2695680
2989716
2359378
3144944
3262110
3421498
3838121
2881340
3243991
2907654
4160302
3185529
3220638
2999350
2687586
2210001
3916402
2675723
2424959
2490857
2407664
4678190
3455772
3138070
3268401
2869275
2599415
2718350
2892793
2789140
2591300
2648222
1815910
2616601
3348142
2405673
2343394
2631182
2453043
3129715
1869862
2191129
1940663
2139033
2074568
2458961
3650563
2625308
3284597
2998645
1994442
2257408
2314757
2389027
3631802
3559528
2994862
3147372
2769650
3108554
3321157
2961126
3082628
3066668
2779038
3294407
3126112
3708904
3062898
2983011
3898443
3601665
3686365
4099281
3470099
2781978
1575804
2457525
2323433
3284363
2380620
2932254
2386554
2987519
2950743
2915355
3494302
3152694
2795767
3514892
2376309
2360496
2577672
2521226
2724417
3632506
3592824
3555682
2889933
3750189
4854441
3024741
3232321
3443286
3162648
3052332
2154633
2439188
2608135
3424014
1953143
2007936
2842998
2999006
2674560
2833039
2485646
1814241
1766904
1900307
1602574
2843966
3701110
3799028
3551184
4683876
4443866
3857513
2608609
1325344
1443204
1777685
1494002
1437013
3667221
3760498
4393690
4442489
4647219
3857156
5000378
3723055
3594671
3529167
3662185
2721661
2758657
2635488
2433994
2989092
3524085
2002712
86321
82892
357878
1319666
