143152
3292661
3342055
2987853
3135897
3437342
3733669
3488707
4037902
3978473
3187855
2167332
2684792
2850030
2780873
4038927
4115221
2791140
2634791
2919953
2515432
2164904
2358358
2623699
2983864
3649269
3000430
2908669
2168588
2541580
2874605
4135209
3309304
2384782
2185598
2368960
3062298
1473892
3823927
4489543
3701077
3850360
3463663
3168322
2468350
2740463
3075816
3207184
3048406
2897821
3306528
3010007
3073050
2730536
3127751
2942864
2918713
2777969
2981097
3161400
2820388
2808048
2812306
3077992
2779201
2756270
3767207
3794638
3273092
3227069
4020425
3327366
3072855
2752878
2256774
1899798
2370683
3072395
3424914
3025046
1590159
3137101
2992558
2402456
2890862
3218535
3794219
2943758
3678415
3492015
3200160
4474956
3847303
2461159
3132939
3071033
916604
1966696
2305980
755615
3196330
3718504
3622946
3240337
3420228
3192111
3856218
3184428
3146618
2613082
2969668
3765095
3228542
3640752
2916797
2805730
3517991
3246329
3095039
2882142
2696717
2669223
2388541
2499620
2533304
2000936
4173145
2045431
1732344
3005276
2965321
4759455
4486816
4316117
2001774
3034897
4642174
3341673
3881510
4340666
4270947
3970807
4472520
3690595
2572440
527779
756526
898571
545864
976479
2147718
2428145
921946
2922233
2966652
4604338
4730147
3388215
3665199
3456721
2662719
2709681
3193789
2564975
2579834
2555295
2990467
2715710
2477146
2130397
1744611
4067279
3904950
3471073
3303687
3543852
3148402
3667531
2837697
3059218
3287306
3095696
3661836
2589335
3004471
2806956
1423803
3322077
1993646
2714893
3574866
4182167
3249133
2296927
1948363
1648115
2089213
4011367
4119646
4563811
4512286
2764831
1138352
4252115
2979276
2330818
2725411
3074277
4190785
3195826
2738446
3155094
3179882
3149322
3003980
2753496
3301997
2599411
2356214
2903062
3237492
3304227
3423396
3387153
2379578
2866931
3120074
2698782
3758149
2419900
3028749
3977815
2878479
2246203
3220900
2943313
2935892
2773322
3637625
2253315
3662601
3750475
2900873
2666473
3344588
2559949
2730070
2851615
3754858
3665829
3898561
3109120
3368152
3693792
1649806
1631700
3505964
3946307
3756312
1928890
2295204
3399964
1255183
2977820
1965163
1854338
1845497
3945645
4524914
4268442
2025009
2111753
2057155
2101866
2237586
1726063
4151159
4557473
4412241
4485717
4259329
4070785
3403699
2843260
2068465
2084075
2727430
3640586
2772493
2638595
3088596
2860693
2607031
3059567
2859514
3527598
2728001
3192205
3949368
3102685
2354990
2674235
2719813
3429518
3207697
3105208
2348593
3187795
3202761
2375344
2904321
2843226
2295527
3132654
4132546
2735296
3119264
3695296
3019219
3644574
2350700
4180604
3861147
3183029
3578221
4013429
3740702
2793115
1618995
3986802
2266929
811899
1535547
3049865
3125129
3389914
2786163
2333345
3189718
3407870
2661180
4601852
2767360
2391633
2776720
3993341
2945827
1807173
3059018
3643527
3972525
3639384
2772165
1850526
2054674
2614343
2650033
3619242
2582431
2925391
2661942
2722967
4142323
2487523
3585933
2148297
2170743
3042896
2946545
3005780
2561525
2569598
3069084
4142668
4831849
3268612
2401637
2644203
2932462
2934109
3128248
2781992
3256042
3128302
3192105
2654543
2626602
3795462
3035953
2633737
4532729
4503729
2554328
2824023
2740500
2649597
3154386
3248320
2975129
3731205
3045933
2319721
1907889
1891748
2555469
3915691
4143948
1751239
3384821
3504764
3621641
2095891
1652806
2784550
2309549
1371683
2618554
2831847
3535260
4493092
4422472
3116135
2422987
2449483
2388728
3209709
3673489
3519529
3228947
2543211
3229094
2822508
2569977
2122414
1342541
2461917
3560669
3808039
3097641
2813834
2922283
3565706
4653645
4342063
3798645
1766023
2344052
3059193
2683933
3211830
2782035
2231997
2648618
3693731
2904668
2864727
2849419
3027333
3080002
3443855
4151115
3325472
4152290
3718378
3531139
2638745
2391006
2060097
2048891
2216777
2845917
3460810
3125176
3408344
3298275
2442441
3487690
1823778
2167085
2417706
2548082
3041867
3221038
3409261
2749449
2008630
1792168
2055332
2815565
2944777
2871467
4708162
4613860
4196514
4199431
4791914
4460002
4577144
2454399
224278
340125
364728
2922367
24446
