1293819
1503882
1701247
1433229
1517305
1362883
2040414
2208578
1660209
1189477
975405
1034895
1719480
1326662
1574917
1385763
1750225
1310247
1370954
1800499
1206912
1503816
1866498
1140918
1675452
1463036
1372600
1966238
1899618
2135449
1440754
552920
1026980
1532336
1601609
1613172
1316101
1845006
1384257
1360117
1839555
2439348
1242218
779921
1158044
1645732
1483162
1576483
1334819
1636332
1655212
1596309
1455646
1338215
1479793
1280511
1688509
1411722
1784785
2418824
1317563
909384
1149017
1524080
1493132
1465286
1609370
1424989
1387232
1554948
2009914
1405415
1291135
1645524
1397358
1566588
1594301
1476666
1208063
1783365
1240834
2310662
1243204
1142351
1442229
1460482
1528146
1430714
1950860
1065386
1388333
1590018
1468981
1586340
1341071
1791546
1504025
1602764
1179843
1504642
1663100
1597584
1916976
1847861
1184214
1156676
1555683
1535036
1212222
1312263
1643669
1290866
1755637
1448056
1511200
1382075
1577257
1677411
1379538
1511898
1435498
1543217
1509010
1300359
1503900
1815637
1433302
1523846
1523541
1483945
1431333
1415246
1477738
1948816
1410747
1457068
1486652
1363981
1469237
1610626
1502115
1286029
1485620
1904142
1712334
1376032
1128732
1615859
1441556
1534137
1400122
1443395
1529192
1490397
1540610
1394518
1867120
1446931
1473396
1481421
1574644
1518965
1281789
1531208
1647491
1450130
1487130
1323066
1440229
1966074
1495232
1202506
1574369
1327934
2175080
1583353
1250683
1843852
1626782
1462623
1314831
1401359
1498974
1968302
1451692
1283899
1375157
1922780
1312275
1221504
1281436
1235202
1538568
1385875
1671217
1341985
1600287
1585330
1330822
1382763
1545810
1562696
1628973
1398755
1496635
1515610
1377021
1617101
1565986
1505740
1610399
1955744
1315039
1049706
1585591
1448863
1995794
1121422
1418478
1552636
1416326
1624190
1369325
1664995
1560771
1709539
1585225
1316290
1414589
1360330
1452722
1685625
1408433
1722517
1423939
1386012
1673535
1481855
1414765
1616877
1776518
1085907
1565381
1436195
1696379
1349297
1613803
1478070
1503570
1276205
1431775
1787000
1473465
1448192
1458570
1471262
1481652
1534555
1452557
1754586
1677909
1625769
1451730
1346034
1442790
1505138
1489650
1664861
1475172
1352194
1917594
1605508
1146662
1224501
1440830
1407546
1460658
1585140
1460789
1541148
1513232
1875194
1470643
1022324
1688478
1550633
1477720
1460491
1436593
1659778
1462534
1423716
1569372
1397283
1442791
1641034
1591151
1327702
1635601
1561803
1702300
1591181
2341176
1259550
1236911
1371694
1391846
1262410
1315875
1424596
1516945
1653684
1790311
1462142
1724268
1398704
1636522
1367037
1604249
1272609
1295249
1597694
1589515
1474388
1668880
1133840
1561186
1305083
1552551
1400120
1797239
1501340
1418835
1726480
1182045
1731098
1801728
1169467
1490521
1280012
1420179
1513530
1546442
1565463
1572039
1555613
1374239
1626436
1400846
1597880
1346552
1709107
1245685
1520236
1569872
1340722
1503804
1503768
1503918
1503750
1503744
2224016
2068583
1311160
1022320
1387903
1235211
1494484
1348516
1654030
1451411
1576497
1381360
1690933
1390265
2193161
787107
1562196
1364862
1669109
1534164
1533266
1741106
2289641
869773
1143412
1224757
1634123
1451368
1607980
1676634
1355063
1360888
1898989
1755067
1246453
1066964
1590526
1475926
1501885
1572524
1409561
1613525
1416897
1411989
1639156
1594423
1500397
1445497
1409884
1640440
1395004
1638975
1470262
1565859
1383916
1592453
1338972
1530160
1670778
1461562
2035526
1142207
1489834
1272975
1395864
1735735
1417532
1831657
1783021
1428816
1242849
1339568
1317197
1706637
1989642
1388792
1558059
998271
1367539
1607019
1671710
1518954
1450961
1601825
1531955
1280222
1791164
1536903
1418796
1568867
1240560
1519703
1554281
2233684
1941281
1332860
796155
1111198
1389510
1583602
1409133
1658488
1429143
1388012
1576196
1593766
1586218
1227381
1998697
1189697
1611093
1424075
1478860
1324849
1555069
1940948
1501505
1557832
1032193
1474053
1745260
1370611
2208234
1059349
1613486
1556697
1010497
1443238
1767306
1265315
1857966
1535231
1383557
1597779
1531083
1816592
1243529
1285415
1370533
1571765
1490546
1672653
1981425
1438910
1534496
1422540
1486228
1530924
1509252
1821769
1490281
1058317
1837742
1441175
1085020
1177181
1698837
1222970
1498575
1615110
1283782
1618363
1479385
1654936
1329487
1629205
1858893
1027116
1708565
1416692
1439827
1673422
1394856
1373879
1613909
1363694
1633846
1555165
1565833
1446199
1478423
1454197
1482450
1651831
1336900
1615329
1340878
1680752
1277662
1503726
2276955
1061556
1828401
1734473
1403467
1286462
1470169
1224088
1603035
1353041
1394070
1795316
1261252
1551089
1493229
1517931
1408153
1402743
1657700
1466791
1638458
1506767
1423899
1540797
1445377
1516074
1360671
1480132
2201440
1313813
1330175
1673544
1324069
1446516
1635803
1520681
1185354
1404959
1567369
1827149
1647576
1555883
1587114
1304613
2026083
748689
1268410
1649754
1489907
1523009
1421375
1630577
1456398
1898101
1500505
1290137
1349769
1375599
2428416
1470324
1495387
1864473
1129224
1183481
1148366
1354614
1632492
1627932
1380421
1672013
1676876
1223552
1551241
1583802
1600470
1672891
1448567
1211727
1389574
1395588
1401631
2184425
1280724
1587833
1550028
1415124
1534796
1510088
1538534
1097214
1490522
1346403
1606371
1630317
1328244
1449732
2025903
2236370
975487
1023740
1355426
2079991
999098
1470202
1551430
1379835
1633555
1494030
1501752
1560715
1577557
1324672
1494106
1546245
1541802
1393257
1472264
1526673
1521100
1659957
2228549
1273498
977562
1409862
1625174
1351609
1522316
1636549
1383702
1460356
1865914
1615129
1687598
1442886
1646773
1532070
2059784
1184617
718874
1191743
1503918
1503858
1503810
1527234
1480260
1503762
1503864
1503792
1503714
1503786
1640477
1369247
1535347
1469593
1503666
1503918
1503906
1284614
