1626494
2355027
1881340
1595971
1482591
1448621
982292
1028641
1182024
1435268
1312030
1503804
1503912
1503906
1503918
1503918
1503918
1503918
1503900
1503906
1503906
1503906
1503888
1503918
1503900
1503816
1503852
1503906
1503918
1503864
1503918
1503918
2742350
1462619
1215123
1200188
1158247
1464718
1497983
1574900
1485690
1389155
1493381
1647542
1545746
1932973
2098784
1458776
828148
1091254
1532031
1551544
1564272
1343969
1565828
1395494
1465816
1797446
1540130
1402747
1425783
1587200
1607495
1343178
1580840
1725093
1614616
1435904
1354691
1260837
1654210
1517821
1344912
1409386
1472877
1585990
1432815
1608743
1556240
1543810
2036208
1190233
1391651
1313625
1796408
1718472
1665292
1558693
1044224
1213546
1392338
1573481
1486769
1487192
2496591
1070548
1459658
1011726
1452469
1708434
1433361
1560193
1262490
1934504
1165297
1523948
2390072
1409945
1364481
893585
1808296
1647295
1755191
1733135
1386418
1291655
1257113
1222671
1483689
1505944
1555079
1396973
1898971
1547955
1285297
1441010
1342706
1392089
1611149
1474411
1653167
1409129
1403493
1583864
1378856
1514418
1617629
1511556
1827325
1649785
1349767
1291936
1860709
1734344
1221681
1170785
1671665
1443976
1421462
1922616
1269478
1137966
1753707
1526260
2057365
1584603
1286401
1187482
1321316
1279958
1499814
1697490
1544309
1448097
1405450
1416890
1841350
1733023
1274568
1272748
1566774
1770140
1505125
1364012
1416123
1370177
1467993
1623313
1434509
1692190
1219164
1529896
1517692
1601653
1352173
1610963
1652390
1533769
1469537
1531480
1799710
1623148
1078829
1380098
1609120
1446026
1456482
1389379
1459620
1674075
1428505
1580606
1468394
1393616
1631390
1636732
1699674
1619773
1092622
1418806
1739173
1504765
1468017
1430949
1503831
1504143
1496504
1457634
1484900
1513350
1376633
1478583
1515916
1664219
1563007
1406528
1399021
1790345
2379163
1722269
1519383
1498761
1494147
929796
683712
1635153
1367811
1464260
1669038
1349597
1648980
1510719
1429975
1467166
1626142
1453888
1477231
1445088
1642624
1443803
1589845
1529074
1518741
1421686
1493610
1452509
1451190
1659824
1407529
1588382
1421102
1375987
1717534
1496275
1548700
1364518
1501219
1427678
1706467
1506313
1296639
1550414
1528427
1713316
1325417
1434631
1533092
1770695
2026562
1324506
1247479
1442451
1590255
2152233
1740872
902203
1180960
1261045
1590242
1427222
1555780
1585246
1536153
1310570
1475194
1524618
2223240
1245664
2006784
1790621
810139
1071567
1301422
1569647
1418679
1428739
2131868
1881053
1357675
978524
1386844
1286448
1884091
1219246
1751216
1409082
1767741
1347929
1386322
1596065
1198985
1657818
1577231
1367916
1613729
1406286
1406816
1694048
1414969
1506435
1567282
1351201
1737398
1393144
1547923
1377254
1608163
1415363
1485007
1493516
1546623
1425335
1717927
1313036
1465618
1646546
1264333
1632875
1620372
1350388
1546999
1678396
1366703
1802615
1296459
1565383
1326437
1522950
1716504
1565196
1371132
1442330
1476124
1624082
1424896
1411768
1556789
1641986
1569155
1362735
1403310
1679543
1733570
1317047
1377139
1978259
1199951
1660988
1289838
1413196
1512564
1525414
1288759
1539116
1422662
1786825
1333114
1465406
1582830
1511558
1618775
1423567
1438372
1516498
2214455
1446022
1588037
1749660
831656
1239833
1525119
1662729
1359710
1576254
1745221
1240422
1544076
1391580
1476484
1340194
1543304
1679757
1487397
1471825
1534487
1590660
1653784
1284714
1428430
1511318
1520930
1553900
1895371
1346469
1304349
1324309
1689422
1991068
1784670
1083045
1681000
1355742
1329813
1760008
1839242
1926479
957108
1005636
1181114
1447456
1473849
1658586
1532444
1673411
1321235
1538387
1472116
1448223
1499456
1810959
1666794
1662260
1669465
1496286
1375628
1093121
1264979
1447032
1666470
1459388
1507986
1516588
1462040
1416503
1439208
1867735
1282997
1288130
1582008
1522562
1554394
1527591
1445614
1408005
1642783
1422034
1508204
1628724
1362106
1579798
1511442
1619217
1365158
1505917
1660948
1519831
1439344
1508536
1493618
1850395
1345158
1247758
1466552
1604859
1500840
1457252
1512396
2055878
1632537
1031988
1340485
1620363
1335312
1501394
1561645
1338381
1557625
1629551
1345632
1486460
1942143
1959206
1563637
833829
1543648
1283163
1630700
1430817
1455044
1375479
1658915
1417467
1488255
1611924
1475526
1403704
1648758
1316279
1533406
1505652
1579630
1521865
1527532
1499302
1597158
1541513
1654489
1267931
1696949
1297572
1485058
1373118
1569768
1473931
1511688
2088613
1238263
1239933
1618763
1700687
1811128
1632689
981069
1338409
1479423
1679472
1520984
1358155
1445901
1592501
1517333
1481283
1886423
1768129
1365672
1598754
1788735
1707735
1532485
1459519
1630483
1647869
1025282
1107735
1162943
1476804
1190004
1599834
1512544
1315706
1867883
1882625
1607009
886626
1324580
1882949
1431279
1528861
1273776
1835207
1787259
1523270
1454267
1192761
1280750
1519741
1532793
1465586
1459330
1595401
1515069
1350100
1447707
1645180
1424792
1467175
1572516
1529800
1475480
1444325
1536604
1643392
1504874
1413062
1446330
1486910
1633335
1438224
1577264
1442212
1562866
1510519
1572159
1780976
1162806
1350553
1532798
1419347
1645572
1316737
1509016
1594242
1794748
1775202
1498318
1734605
1479403
1360375
1247339
1662152
1344579
1597307
1328720
1535903
2123259
1176251
1951672
1799367
1177860
1196278
1148770
1100624
1515796
1651504
1716033
1565776
1546973
1806374
1269874
1715679
1498004
1698160
1368641
1584165
1838731
1198467
1307284
1338466
1865549
1397101
1312420
1403278
1627057
1470717
1247846
1371733
1429212
1569593
1409085
1382173
1667209
1669177
1635241
1675468
2014876
1259359
998719
1308831
1742880
1121696
2075136
1618481
1938806
1129489
1059244
1223448
1622542
1550593
1926716
1109151
1482964
1404148
1521249
1408903
1547781
1390727
1528076
1612662
1419947
1414702
1786212
1302732
1455816
1540928
1549116
1400412
1553398
1445341
1576763
1589378
1614490
1701869
1350168
1330123
1527471
1726084
1400129
1510600
1443686
1352464
1517863
1554493
1624584
1786256
970552
1863501
1428071
1344829
1588549
1671730
1332394
1496839
1359946
1506907
1635868
1512694
1774086
1541096
1965528
1334866
1434704
1431620
1158180
1283911
1529171
1719420
1707216
1599424
1182079
1385713
1551757
1606854
1616963
1199612
1339388
1499548
1478910
1535235
1695968
1756397
1228203
1671632
1556794
1383620
1403856
1586316
1680864
1139026
2007320
1966435
1009541
1321909
1442900
2052829
1469674
1592834
1348052
1845304
1757436
1471351
889568
1262745
1435290
1372482
1392600
1558888
1537464
1412347
2050951
1883881
1063504
1399813
1573326
1011539
1553147
1320980
1705368
1524830
1595617
1380616
1529953
1364120
1546619
1975995
2099765
1232367
972857
1125203
1692732
1362341
1505502
1549145
1594992
1478970
1539193
1484396
1404372
1669490
1464587
1695272
1253348
1818121
1251523
1363812
1816324
1350054
1423295
1762875
1243615
1642071
1408570
1594374
1405477
1582596
1889825
1486734
1795000
1475617
1202241
1125229
1756999
1609257
1350728
1742147
1051189
1343618
1521227
1591172
1502434
1427492
1671871
1442064
1386937
1627775
1335722
1712357
1334140
1651306
1611974
1407193
1668723
1429504
1444774
1431500
1655683
1459953
1506897
1327581
1649233
1489840
1599144
1418691
1831498
1174591
1235933
1638245
1426520
1552919
1654749
1797813
1849878
1777712
1617608
1348278
1305852
872878
1388115
1526361
1396117
1476832
1555584
1875593
1741768
1085173
1412406
1340112
1473311
2025257
1238616
1766201
1949603
1708032
1090701
1100261
1734734
1536090
1376617
1637619
2205146
1115946
1530712
1053897
1440001
1632398
1055682
1691717
1385213
1325857
1654809
1339742
1549016
2107974
1347324
1236387
1324963
1877878
1303050
1308466
1545030
1661934
1615037
1359299
1418601
1574496
1484630
1517296
1543879
1398612
1435686
1497593
1529480
1481184
1733402
1435240
1552655
1450469
1274480
1835176
1332714
1493826
1467499
1540975
1437410
1473490
1621926
1718023
1893059
1754951
1196936
2006580
1704298
1172428
1582442
1245076
1210842
1309241
1234758
1351790
1601162
1540569
1533421
1372884
1571757
1622273
1456334
1386302
1443278
1688626
1326940
1672484
1696755
1173009
1737347
1223314
1722041
1345981
1704926
1766926
1700551
1500995
1583140
1450998
1008924
1444336
1683281
1572195
1265502
1376294
1465582
1606697
1564915
1692979
1714188
1617842
1047215
1306765
1469402
1552069
1403709
1686447
1463532
1606444
1442280
1381388
1633368
1545198
1432554
1492984
1501620
1451332
1458861
1628130
1551351
1538293
1442266
1508035
1586072
1287211
1682594
1450890
1398570
1471579
1792394
1414571
1398210
1587176
1445720
1475427
1581067
1617762
1645660
1732811
1365156
1259896
1360354
1446628
1443308
1613551
1600924
1519319
1462506
1506966
1627521
1514487
1825383
1698439
1721633
1406847
1097513
1204331
1491518
1359009
1669506
1600028
1652851
1314860
1953101
1469932
1417122
1320875
1301709
1533917
1209011
1680775
1799087
1283891
1325513
1399841
1663394
1340337
1656720
1484819
1433414
1450317
2430424
1683208
830934
1037721
1528074
1618220
1675171
1520013
1490186
1341645
1351281
1504651
1598293
1472513
1549135
1582123
1443761
1388645
1649096
1440283
1577354
1443619
1569203
1314108
1635991
1679923
1346593
1429783
1513549
1557016
1486017
1905320
1100486
1770140
1367659
1379739
1737750
1441591
1311641
1494315
1497147
1601398
1539762
1481972
1667849
1215779
1559639
1414809
1550178
1452796
1707092
1700538
1264202
1468548
1457248
1792814
1585951
1968106
1858152
1427983
891811
1163653
1456434
1587765
2192170
1263620
1236409
1157893
1360180
1503844
1552667
1559934
1607262
1444860
1489873
1596438
1401608
1555126
1572738
1641332
1539188
1301453
1470692
1482071
1467952
1567514
1497325
1902784
1205113
1406654
1750505
1616107
1642720
1306070
1366470
1257752
1496301
1852850
1755298
1911253
1172508
1873439
1610984
925380
1364480
1497839
1294705
1381221
1684165
1765556
1050651
1934081
1296604
1501317
1355600
1532872
1529409
1299297
2582867
1423178
832335
1180803
1495309
1535459
1449959
1342763
1548092
1745250
1336990
1619557
1371346
1634973
1471053
1411741
1532479
1634633
1401496
1424161
1680599
1443909
1406844
1532178
1574423
1655919
1469100
1454613
1512497
1386323
1505296
1464514
1747626
1419440
1459302
1534791
1503105
1642811
1390215
1415072
1505400
1499772
1482412
1461698
1542630
1499076
1525334
1531959
1429102
1508525
1689699
1308064
1727715
1386798
1433303
1586627
1455448
1588594
1474001
1480910
1546522
1274631
1764660
1385222
1436518
1786335
1469883
1295027
2130556
1606304
1589843
1694512
1163926
1094273
2087253
1466419
1111124
1340114
1573142
1823557
2000118
1509853
931240
1115486
1336994
1421642
1525205
1610880
1476061
1519806
1506315
1469434
1503544
1579965
1514338
1356525
1663191
1390260
1412104
1766916
1839518
2018165
1706823
1386689
1086401
1010767
1260904
1500935
1573843
1423349
1484610
1639400
1493294
1661342
1762894
1555558
1424798
1765960
1238475
2085499
1092086
1322793
1019205
1592506
1422404
1678775
1526637
1443774
1839285
1258223
1228067
1703760
1630978
1704097
1692132
1739795
1272774
1376162
1417302
1480329
1159718
1436021
1460392
1567288
1652135
1367121
1499015
1730757
1646834
1711474
773563
1548156
1542251
1713544
1463716
1666406
1255246
1577402
1556281
1662912
1303481
1450020
1590482
1471140
1541855
1692844
1173482
1494585
1455203
1689959
1693272
1459413
1333999
1623238
1342624
1342518
1489097
1928401
1290226
1487178
1537988
2013798
2017270
991465
763613
1651139
1468242
1410111
1851305
1583940
1874454
900004
1535886
1428681
1514625
1357396
1841441
1150953
1996373
2190004
1039588
993572
1427473
1534248
1442975
1494884
1661082
1420811
1310900
1683412
1451982
2014618
1706670
1061692
1409752
1393022
1380397
1683615
1424594
1362230
1709260
1379583
1407763
1535427
1718797
1410519
1607888
1630646
1486389
1457001
1366314
1527087
1642444
1714330
1536610
1105740
1497573
1413525
1401464
1600939
1440232
1604269
1584336
1545040
1605825
1362493
1600243
1652867
1979688
1141200
1310786
1387006
1945394
1282105
1471349
1310495
1765054
1224844
1469800
1480139
1519317
1668884
1650201
1373050
1680473
1639120
1404915
1539530
1545705
1099787
1851152
1135569
1521216
1673965
1446461
1417912
1490052
1412866
1626837
1672970
1386911
1410220
1461606
1456790
1446653
1537558
1407850
1656800
1439336
1515676
1525436
1319554
1702290
1513039
1565804
1419226
1399629
1772693
1685045
1280649
1449315
1419784
1856295
1673904
1291823
1923566
1779197
1153491
1033894
1709655
1898243
1886310
1376386
1666385
963027
1111157
1084331
1647318
1507947
1560445
1390117
1490950
1604815
1696007
1225315
1363103
1529069
2032393
1747912
2027883
1248825
1105346
1227678
1634640
1864975
1883328
1375658
1478930
991390
1648177
1690904
1726970
1835688
984438
1516517
1387206
1339993
1084095
1458157
1627995
1443506
1410751
1388279
1478275
1563713
1388736
1615562
1516582
1569704
1470277
1444031
1537162
1623737
1842096
1306505
2295052
1163439
1232868
1377943
1495447
1492652
1520282
1479768
1263558
1729541
1326314
1321733
1637538
1507927
1376888
1711038
1368042
1813845
1453076
1443734
1231066
1514820
2029527
2098090
822897
1169178
1446525
1421471
1816962
2182307
1830971
884190
1064863
1384836
1472060
1547135
1428081
1494477
1593615
1352220
1638937
1611062
1345596
1464006
1465666
1475503
1555351
1498171
1534023
1457064
1757887
1442984
1611001
1827646
1563051
1577167
1405904
1677398
1578750
1556808
770554
1536904
1399228
1611581
1482576
1649532
1273431
1438200
1459846
1450114
1583817
1399718
1552470
1484623
1570573
1586982
1560602
1738416
1273134
1442497
1362672
1566441
1950849
1018138
1574151
1641029
1369373
1868066
1163258
1519711
1734548
2058329
1703120
882556
1296873
1316619
1670919
1307778
1552818
1494349
1460942
1423776
1616347
1516492
1486231
1313818
1567068
1605128
1379835
1566958
1568274
1543494
1575189
1542067
1737775
1668756
1488107
1248363
1462550
1421390
1632219
1666253
1244808
1358843
1556720
1636241
1356546
1473108
1578833
2079645
1462951
1555432
1676455
1604761
1303690
1330466
1493407
1346891
1615841
1489484
1540475
1735443
1177679
1501000
1602886
1414492
1153882
1506110
1521733
2035329
1395503
1802826
1334424
1673145
1724361
1284813
750865
1571129
1374515
1609735
1608799
1839424
1881460
1226195
1092555
1220774
1463648
1498372
1628534
1423026
1568269
1411634
1443034
1473112
1563249
1468354
1562655
1561147
1497908
1524731
1472473
1517039
1522624
1389791
1592062
1567295
1314040
1478422
1600640
1401994
1477298
1532088
1526311
1494334
1510576
1598352
1425383
1456965
1582492
1389419
1562232
1493012
1568238
1674028
1670281
1328832
2060397
1013716
1331652
1499318
1410670
1760641
1876092
1100864
1464938
1423654
1818477
2121488
1907801
1530146
1420746
784684
1669489
1046365
1258861
1390695
1458002
1502438
1477719
1694279
1350372
1713967
1653137
1642846
1379650
1328148
1508986
1452436
1529785
1549912
1438983
1543181
1499466
1479358
1338506
1487974
1567232
1462555
1871501
1299624
1307879
1617020
1482656
1439228
1700925
1363433
1414822
1519981
1609022
1511646
1439256
1776759
1622950
1258730
1596948
1656715
1583257
1673790
1310865
1540618
1393575
1524535
1595748
1592186
1201552
1765840
1723724
955661
1426670
1497414
1675038
1611165
1519612
1357142
1828308
1910691
1798548
1601312
971991
904817
1701819
1700259
1121740
1519246
1388730
1650125
1296956
1457567
1622159
1690481
1510799
1251308
1482640
1672547
1427834
1443849
1781341
1209856
1579243
2016721
1962572
1374733
1746406
1576007
1485081
1412654
1201229
830902
1163762
1683105
1380482
1495305
1526588
1472455
1517426
1466110
1506337
1486576
1470154
1603252
1574397
1342526
1514221
1664325
1510318
1638423
1732184
1856475
1685640
1827474
1474964
1434180
943403
1040728
1483582
1426506
1422547
1428915
1503460
1573364
1615272
1355475
1693394
1396183
1724584
1160770
1584880
1567354
1563195
1511244
1583310
1757940
2126488
1704068
1355883
777456
1122176
1360903
1695674
1551428
1457450
1493900
1514367
1576406
1351534
1548934
1508830
1377635
1541192
1628708
1396351
1520990
1568388
1510409
1524176
1516576
1615807
1202062
1557838
1624717
1419181
1433602
1726804
1392979
1500648
1570574
1560370
1753266
1273285
1393290
1350821
1427379
1801360
1524961
1431298
1470086
1610270
1925394
1903870
1717892
755868
1641464
1431743
1605178
1478101
1276985
1394562
1951324
1378907
1075081
1765096
1842447
1330282
1217004
1168987
1613599
1390403
1528343
1561082
1904265
2534286
1128859
190863
1994575
1293449
1446641
1810874
1427275
1490126
1403332
1530130
1665683
1775493
1531938
1490860
1848682
1212805
1483320
2021805
926032
1079122
1390914
1345102
1540042
1546970
1515417
1471558
1566595
1604906
1457678
1532896
1357794
1600099
1464082
1483187
1800880
1422316
1488123
1420907
2082007
1051785
1135305
1529819
1660945
1394752
1653954
1543437
1469182
1747259
1058888
1552548
1562678
1478636
1637973
1379662
1398660
1702524
1335969
1711221
1846935
996015
1477955
1498473
1489762
1570342
1494531
1454893
1515981
1456583
1630598
1388137
1508254
1611517
1518183
1411089
1497165
1567194
1890272
1953841
926194
1263938
1578127
1517617
1450450
1372505
1558523
1449930
1497790
1545676
1536382
1621896
1823896
2283949
1393557
1079845
1046514
1286224
1631533
1545262
1394595
1600704
1667666
1507141
1338608
1310370
1523540
1395594
1723006
2061226
2021768
1651898
720713
1180377
1416780
1484786
1290255
1641205
1661526
1263323
1476041
1649675
1337961
1567487
1733124
1512694
1442197
1386892
1605131
1505244
1322405
1461540
1625092
1483518
1594142
1479334
1504554
1584927
1567709
1541772
1380618
1567323
1583750
1715849
1386541
1461799
1400811
1876529
1911891
1878301
923615
1771744
1166587
1539520
1181745
996154
1499708
1509464
1670697
1318905
1495646
1608347
1314432
1798785
2417016
1504835
1325671
2050041
964684
1064069
1353763
1240866
1752235
1632717
1555856
1656918
1132951
1201674
1537057
1474294
1506913
1590748
1430095
1435337
1593022
1564027
1412036
1505607
1451714
1504247
1691940
1332232
1575731
1526230
1612688
1595072
1506268
1395007
1481604
1590414
1831622
1995771
1073415
1206750
1392311
1520545
1402834
1385311
1464368
1599711
1524685
2367703
1162523
1052227
1432288
1417490
1511189
1520568
1454626
1598042
1497088
1614289
1502450
1408051
1763373
1639894
1713940
1649908
1762224
1714837
1113126
2019461
1567740
748055
1482898
1307366
1634723
1628818
1217588
1587714
1706636
1046679
1113739
1588011
1496908
1623834
1461083
2000183
2248050
1479021
882900
1163023
1367274
1492933
1491427
1706896
1305632
1409051
2438743
2031062
1441522
1020525
1229493
1278240
1421395
1499711
1368729
1480355
1368055
1457273
1442222
1707643
2409932
1219309
907018
1437693
1631220
2132804
2062277
1014977
920564
1772365
1657718
1181812
1193178
1421466
1351796
1581749
1482467
1420425
1644285
1483412
1465694
1453297
1511222
1618480
1926464
1328449
1178540
1471303
1648251
1422569
1546126
1419080
1808040
2038633
1487832
1771268
1036129
1033502
1502268
1436800
1403491
1688827
1539165
1380203
1513528
1445742
1512053
1457177
1537628
1524823
2001596
2262668
1244793
1185692
1209950
1147092
1372341
1652839
1387392
1590993
1496210
1527106
1452535
2101042
994577
1727656
1412947
1223791
1404461
1507476
1773037
1278977
1556784
1524697
1465630
1602196
1783864
2014981
995223
1701723
1417588
1113397
1593704
1513521
1821643
1305386
1551835
1245282
1582894
1402985
1413732
1493168
1528036
1564625
1440314
1498476
1426985
1778172
1466659
1660122
2039218
1107156
1040668
1584645
1955571
2121693
832530
1110614
1381051
2016894
1344061
1134559
1590347
1596248
1508155
1479987
1363262
1628421
1426146
1463709
1504623
1501602
1658790
1493292
2022768
1011762
1413291
1481876
1448118
1656623
1367179
1691002
1531068
1284396
1498475
1557022
1481232
1650117
1900787
2219276
952599
952356
1509487
1750108
1893761
1561026
1653762
945772
1180321
1370808
2433511
1840569
850402
930864
1578989
1544380
1987791
1408783
1748271
2133284
1010396
704277
1431215
1538936
1448302
1519118
1434826
1859286
1678828
1393149
1193695
1590708
1409048
1589026
1498683
1472885
1421391
1577822
1698047
1336870
1640157
1251710
1743812
1760439
2164670
1475992
1757693
917828
1288013
1195793
1147896
1640279
1489503
1512007
1387234
1608685
1511977
1663321
1339527
1581376
1637045
1829525
1184756
1593748
1994699
1387641
1621761
2032633
989192
917470
1153768
1529911
1636627
1364147
1675625
1304441
1717839
1216723
1486428
1679601
1839752
1668027
1534132
1050433
1559681
1479558
1486024
1351040
2190740
2349892
741485
1549014
1472786
1126505
2127371
2068119
1502820
1311772
728608
1052496
1405325
1590655
1522991
1495655
1523055
1498133
1463855
1502054
1485033
1527442
1752344
2156630
1759847
1476969
986388
905991
1354872
1512833
1464899
1486389
1507901
1576521
1547621
1605315
1741389
1325726
1814576
1775952
1249922
1104305
1573279
1447707
1401869
1419815
1604258
1437650
1437734
1564104
1554194
1573376
1322406
1626688
1598619
1507392
1568577
1541226
1254057
1580857
1422929
1519066
1805983
1460717
1402722
1677917
1609819
1408873
1157450
1631452
1439601
1542752
1921256
1948449
911045
1118412
1527822
1368354
2396863
1299119
945376
1541085
1434490
1501946
1514895
1451936
1519807
2027118
1826465
1570822
967146
1177213
1565472
1521019
1355047
1598640
1573280
2107965
1674050
1081001
1459045
1168923
1856387
1321919
1385925
1443833
1367135
1734356
2224494
1060933
1473247
1274096
1296053
1499017
1441636
1575141
1423848
1557711
1547497
1630143
1307127
1694910
1457614
1393793
1693680
1239237
1557523
1631664
1367537
1457067
1628203
1535599
1405417
1600302
1581993
1423482
1446683
1473501
1727481
1548760
1636933
1393530
1481562
1318846
1455672
1568562
1708366
1198137
1610502
1373534
1481910
1631823
1491674
1502543
1431817
1740513
1932582
1056741
1334630
2141560
683233
1869377
1225050
1484039
1660195
1410605
1615618
1413759
1743358
2001219
1540846
977767
1251457
1449638
1564972
1346766
1503918
1998642
2046942
1907077
1566501
1533306
1114306
947237
1205434
1492805
1318328
1482615
1667926
1498726
1390590
1604875
1473791
1587167
2431489
1797057
1388751
765791
960581
1624680
1448298
1544872
1470996
1533061
1615044
1267575
1760892
1322202
1561810
1396826
1547392
1555248
1620282
1394331
2044167
2090323
1564201
1366201
1365356
1331130
1233115
1326318
1162047
1594642
1426037
1516343
1482627
1498938
1440255
1815636
1924296
1225503
1331695
1394028
1376959
1465868
1605322
1562280
1512193
1700192
1229320
1496498
1509381
1403653
1536372
1563422
1531665
1469559
1494914
1471471
1540599
1500987
2049219
2076779
1791945
1407365
1121548
1579972
1625835
1101238
1082057
1218025
1439597
1544669
1869904
2303358
926585
1019884
1469763
1410135
1538664
1681273
1442530
1204980
1533674
2069944
2269823
1315688
1805166
1421733
1111677
824898
1529160
1417372
1537282
1472794
1484058
1654672
2082713
1755696
824842
1615798
1805261
852072
1403566
1546521
1479566
1523720
1574886
1467199
1537798
1486690
1535197
1483743
1870602
1114082
1430366
1441411
1487607
1621316
1597829
1457991
1522151
1903807
2004817
1130579
1336190
1280283
1177458
1648012
1455969
1993075
1340536
1428294
1778919
1602439
990605
1431742
1342774
1710783
1616860
1697162
1333284
1234969
2403749
1374726
1057157
1171293
1573244
1516603
1459484
2004790
1407622
1123731
1789022
1263361
1372019
1582334
1752221
1123703
1647039
1401384
1551682
1775984
2126280
2048199
1262742
477136
1219790
1553981
1503478
1487490
1516298
1485978
1639031
1388578
1601274
1426889
2192034
976034
1494423
1443398
1509036
1583040
1309443
1527940
1499038
1376590
1796215
1317975
1543274
1517184
1593045
1531534
1450648
1391572
1635661
1409540
1454480
1524175
1482050
1686235
1532290
1379390
1602679
1478741
1490575
1491557
1439684
1568117
1542036
1778906
1618155
1727758
2095662
1240251
1393177
1456961
1236540
1452663
1315655
1369080
1243766
1488396
1404978
1726509
1517123
1472082
1332558
1509428
1551935
1449741
1666742
1303041
1706176
1673739
1609782
1158693
1404871
1500263
2168166
2120973
1618762
1520259
748848
1092977
1445154
1592709
1454427
1476049
1495504
1366938
1536127
1414823
1591394
1500437
1438033
1629992
1411245
1492664
1631129
1433990
1439145
1640426
1848958
1648309
1356685
1155467
1485504
1872890
1973201
1003887
1184805
1600924
1279048
1552913
1436246
1488825
1585535
1426165
1683724
1423536
1415070
1513777
1510677
1692802
1352259
1576669
1350271
1572763
1733831
1389451
1506317
1350930
2206488
1418944
1068431
1477630
1981944
2301309
1108975
821360
2220796
1607244
1161806
1160088
1343672
1212340
1495605
1479573
1640981
1524849
1466930
1505847
1629104
1371083
1363717
1635844
1932198
1878395
1663917
1558805
934203
1234134
1375143
1611571
1962335
1270637
1467332
1438686
1297395
1477385
1553448
1525128
1312063
1318486
1503918
1860422
1347579
1547624
1542787
1980126
1908332
1153862
1242968
1297589
1447673
1745387
2020958
1690447
1545100
1875576
1549622
1444894
1516780
1588593
1340905
1497952
1466169
1612870
1488989
1429394
1235053
1022057
1258815
1245787
1634198
1350909
1567682
1776372
2162530
1511456
1734874
1611857
783907
857653
1477794
1426156
1453631
1659368
1386471
1510656
1767884
1365883
1539113
1430634
1441001
1519286
1569440
1454242
1804490
1609504
1345636
1686492
1969921
1657836
939902
1042793
2068484
2046871
1605187
1655622
1475005
718266
921256
1504360
1448779
1491886
1472114
1681954
1424064
1426253
1591870
1615057
1270297
1500001
1696606
1569921
1250590
1596067
1438472
1511688
1466667
1845434
1183274
1469006
1599157
1640140
1532188
2133309
845763
1322833
1464709
1609356
1433241
1780399
1231892
1871439
1268355
1430601
1425485
1568130
1453220
2491889
1762679
1208517
1163150
1095494
1432864
1509770
1428725
1403798
1519944
1495723
1666984
1380551
1508994
1670096
1412894
1462574
1467166
1488163
1561742
1448602
1674835
1365843
1714051
1649522
1897756
1390817
1331503
1885080
1725570
1652261
729385
1269780
1600039
1561249
1477381
1340473
1380643
1536472
1498017
1608937
1646695
1583075
1741888
2101023
962972
1008110
1385682
1369624
1717003
1449074
1401961
1418776
2505110
2063104
1299311
1049577
927363
1161030
1712978
1635905
1564637
1342720
1379881
1622086
1305534
1517535
1455630
1591466
1478615
1576503
1408202
1715750
1437517
1356640
1780019
1362828
1538976
1319014
1834946
1175314
1595327
1419284
1653663
1303198
2517136
973950
1368541
1292153
1610092
1509992
1475610
1529874
1355798
1580468
1532753
1378138
1610341
1433317
1503914
1452259
1590211
1618640
1387163
1803108
2035098
1767139
1602279
1250478
1389163
1345638
925963
1470590
1492576
1448596
1414911
1754466
1437094
1413843
1546376
1400082
1477751
1502219
1523622
1542737
1568463
1458724
1413234
1598253
1413864
1566527
1644751
1894262
1758595
1535494
1902229
1766485
1296707
1253046
1536082
1499023
1406632
1548639
1566967
1694347
1419922
913372
1233858
1137254
1593436
1609605
1935468
1512174
1152888
1413400
1772839
2077536
1672042
964786
1104639
2082156
1051898
1181283
1429509
1721572
1487946
1287511
1533052
1597763
1539553
1389001
1406724
1581397
1562526
1652703
1397240
1384825
1496562
1648038
1365954
1514150
1616045
1373936
1669474
1520715
1439533
1406793
1630570
1358967
1704439
1409329
1472618
1490788
1564324
1567341
1494871
1391932
1579453
1461174
1639190
1770889
1349943
1596969
1626018
1509475
1408084
1260328
2021855
1495820
999497
1426398
1817752
1526737
1148426
1566388
1649182
1295955
1819061
1747406
1738617
1254462
1104616
2016660
1972999
1559097
1346239
753207
1264273
1365668
1470587
1540316
1592812
1406389
1607432
1273083
1590307
1480997
1667406
1425032
1406341
2141507
1639221
1000711
1437183
1486824
1527830
1868078
1264903
1455569
2031974
896496
1410365
1560958
1454152
1590560
1408596
1469850
1529270
1700541
1528555
1542775
1473083
1396485
1310891
1870618
1892927
1634701
1884001
1224395
1008992
1146855
1588111
1400087
1540611
1411385
1873801
1776952
1269076
1515824
1850605
1172094
1921748
1359129
1197622
1379523
1371881
1911496
1959131
1074943
852330
2180366
1717622
1110467
1345925
1163535
2444804
1694073
934220
1001399
1506876
1476270
1466061
1523093
1543194
1420313
1804940
1271800
1447187
1531675
1482277
1538996
1474945
1519855
1474457
1527686
1502234
1721799
1243732
1622283
1403788
1572322
1584901
1437577
1559712
1593696
1510191
1477982
1312213
1670716
1495625
1381498
1651156
1472042
1319665
1821256
1446373
1503658
1478030
1537061
1361928
1533172
1643012
1465005
1425280
1483768
1520294
1649523
1610347
1155341
1592801
1505466
1429966
1470634
1438705
1571331
1460911
1671817
1490672
1460221
1358999
1537832
1541793
1609218
1450137
1589404
1595736
1817946
1795744
1688477
733918
1343862
1566615
1454061
1545970
1480141
1507170
1500206
1581753
1427371
1551447
1503091
1580631
1434364
1632965
1633668
1612163
1570547
1081755
1465069
1577059
1813607
1443057
1479160
1308213
1845332
1561539
2119707
1108898
1070319
2288970
1634648
739895
1251215
1188314
1621915
1505155
1857767
1261034
1548086
1730690
1738879
1896996
1773552
1536633
750788
1502137
1690662
1594714
1588767
982100
1917041
849380
1409277
1465391
1500144
1983168
1393487
1271025
1226912
1636300
1479037
1381964
1978178
1164800
1504954
1407134
1684895
1728844
1378049
1375432
1229646
1962661
1288850
1596298
1413281
1866937
1360460
1472149
1519480
1358473
1449318
1536541
1544861
1367095
1793431
1174530
1561593
1483409
1664796
1266558
2511406
1795998
888833
781724
1582465
1455363
1552993
1400870
1598856
1464284
1726962
1478355
1414024
1456481
1376903
1572717
1653843
1436714
1361620
1511250
1734117
1702806
1616704
1692019
1728403
1671619
1240363
1393959
1269839
1211544
1468460
1562501
1359293
1469665
1394284
1554367
1483639
1614463
1339592
1541468
1751075
1486106
1430669
1344911
1579882
1565974
1377375
1589378
1641204
1532632
1337391
1506344
1387625
1579681
1663165
1532720
1747687
1321123
1319158
1624972
1509379
1364819
1519770
1475833
1550472
1394094
1414304
1477497
2558480
1170824
2074914
1230112
917636
1379191
1422291
1392964
1676824
1213000
1676528
1728625
1671227
1152159
1695309
1540531
1549102
1360522
1483352
1823355
1136255
1601831
1789157
1812705
882868
1525541
1559155
1500522
2248109
824550
1193652
1415168
1684124
1183996
1795109
1480434
1425681
1453471
1645166
1372867
1494813
1520971
1703271
1149321
1629620
1500282
1705828
1330281
1472731
1490882
1495117
1521444
1451456
1502210
1577590
1952037
1145097
1455341
1457707
1445630
1509021
1463641
1554959
1764262
1236888
1852302
1448233
1371365
1632381
1210354
1602129
1421274
1514072
1639999
1503616
1577223
1386176
1421942
1501716
1705599
1336310
1531980
2016913
1193663
1352012
1584128
1392565
2068766
801489
1533213
1642889
1323065
1968884
1276668
1556403
1371405
1420963
1623146
1537616
1555064
1271707
1808112
1560756
1199672
1422672
1472289
1606872
1524229
1858175
1845752
735545
1477207
1612398
2148565
1998579
1506394
907114
1039679
1641967
1395665
1816907
1223815
1419038
1349719
1479267
1506193
1769345
1491090
1177674
1572507
1917114
2230552
1776434
1534231
827760
1380541
1481282
1376813
2046514
1444958
1680421
1564306
1418289
1047246
1276479
1373622
1530997
1482057
1684539
1399858
1818151
1391950
1384329
1615971
1470218
1883155
1888876
1668138
1155769
1848773
836212
1262392
1388508
1413986
1178642
1657742
1484912
1571250
1865555
1178896
1452656
1536732
1550424
1505797
1719277
1570974
1618817
868053
1599897
1569699
1658675
1503165
1519889
1634002
2003102
1807724
1446925
1570513
1380392
943533
1221277
1137747
2176407
1935470
1228633
1151753
1171193
1568852
1553382
1516853
1544403
1486921
1604278
1490082
1472511
1664419
1656329
1387231
1068964
1423993
1366969
1503918
1503918
1503912
1709059
1386024
1780222
1312399
1469649
1722553
1392686
1349467
1929519
1814839
1499444
1545820
1606907
1902641
1639665
1278148
1693348
1692937
1223999
1531674
1251829
1801740
1792056
1025016
870287
1283852
1495432
1371107
1580896
1622914
1722832
1153596
1881061
1249488
1158050
1486076
1655121
1420246
1588605
1341833
1667394
1588922
1566704
1415769
1364933
1500814
1441572
1701643
1914115
1401238
1104107
1588640
1501430
1477576
1947231
1720600
1141784
2176811
1487959
1429353
1524441
1483975
753071
1173292
1639408
1576760
1995873
1433021
1617224
1964546
1633882
880973
1058497
1654883
1149577
1627423
1454003
1580340
1422092
1407204
1662811
1299914
1739228
1497838
1398860
1491227
1819298
1389337
1398933
1607503
1426953
1497767
1503480
1602855
1526154
1370982
1344080
1776515
1580157
1262900
1507781
1632925
1638532
1482904
1355372
1680420
1494643
1369375
1371918
1430887
1538922
1486197
1512216
1682674
1480385
1396133
1475523
1292786
1503918
1503918
1503918
1503918
1503918
1503918
1503918
1503918
1503918
1503918
1503918
1503918
1503918
1503918
1503918
1503918
1503918
1503918
1503918
1503918
1503918
1503918
1503918
1503918
1503918
1503918
1503918
1503918
1503918
1503918
1503918
1503918
1503918
1503918
1503918
1503918
1503918
1503918
1503918
1503918
1503918
1503918
1503882
1503774
1704520
1507778
1419457
1688399
1279380
1511768
1726819
1507317
1417672
1448963
1466108
1604413
1964281
2233711
1624588
1495332
1445020
1477317
1510186
1494024
1422372
1393791
1385104
1555819
1651605
1611097
1453348
1384503
1238202
1072628
1045224
1685848
1325624
1467115
1661376
1338193
1727321
1316553
1561366
1552252
1451433
1515153
1559166
1435484
1441792
1558505
1544153
1403186
1532869
1608356
1508873
1361546
1518421
1643281
1570666
1479690
1465479
1509163
1569007
1494709
1517284
1395591
1671063
1629031
1633306
1685942
1561423
1510716
1534245
1570755
1584828
1592345
1657630
1467538
1463224
1363163
1113846
1121330
1395206
1389446
1483107
1630688
1573722
1543624
1638211
1573071
1368230
1325478
1398210
1692916
1668906
1645103
1641925
1669802
1707509
1662899
1563977
1363234
1330912
1328597
1418816
1468514
1440136
1352312
1397850
1326368
1359177
1604540
1620343
1262618
1444288
1700419
1565136
1512871
1458752
1490068
1664482
1800964
1831509
1854942
1542104
1399834
1343502
1438096
1381165
1297299
1378698
1363837
1302426
1328371
1523615
1542065
1434010
1677099
1396394
1479818
1655980
1430783
1321578
1667387
1578299
1468693
1479610
1384442
1593212
1572827
1496677
1456658
1484491
1426125
1733222
1364080
1403118
1424113
1503684
1503744
1503804
1503756
1503690
1503696
1601605
1705776
1457253
1533619
1472467
1482381
1605050
1743808
1708713
1508119
1511127
1489596
1526511
1609805
1685054
1814314
1600615
1478110
1529674
1526952
1463988
1495051
1594403
1472314
1491602
1496467
1389458
1484538
1493079
1418869
1457656
1352791
1227669
1197689
1221670
1358679
1770831
1380105
1377494
1656724
1459749
1451161
1559830
1581495
1461062
1377568
1581896
1425647
1387890
1503816
1503786
1503870
1503858
1503858
1503888
1503876
1503876
1503780
1503714
1503846
1503894
1503906
1503864
1503918
1503918
1503918
1503918
1503918
814674
