13061357
10866808
11950069
12506067
11679578
12164463
11776837
12203884
12350286
11963000
11798622
12182535
12816795
10890629
12243072
12064769
12148434
12108402
11652167
12223585
11814423
12764777
12367406
11083945
11836847
12142601
12037068
12163166
12085091
12127933
12001550
11850039
12324792
12452907
11267274
12058715
12033101
13010464
11173961
12255842
11625835
12309708
11787342
12182712
11691755
12247421
12686173
12481451
10963110
11896698
12158472
11949837
12261492
12108449
11665705
12453810
13014075
10710089
12171060
11815331
12038187
12381475
12432458
12234400
11019817
12469161
11648266
11979807
12684033
11611651
11774081
12082532
12199918
12235407
11630453
12069871
12095270
12119141
11704250
12601552
11974706
11691744
11966222
12889847
11180272
13310510
10614314
12063989
7265697