12400977
11448780
12031260
12031092
12316128
13052047
10872540
12169795
12144012
11954773
12670582
11764689
11822835
12202919
11635816
11860080
12028487
12843051
11259629
11997092
12586423
11539667
12086410
12573170
11493629
12458690
11662306
11987739
13278477
10593514
12059189
12091892
12117823
11901948
12656646
11517498
12005025
12019084
11869830
12361692
11922829
11895606
12004970
12205527
12162247
11949107
12420758
11429826
12144737
12024533
12045111
12124108
12194916
12213605
11446856
12118251
12273969
11740986
12064625
11997268
12130393
11966432
12030353
12820643
11116317
12020828
12306058
11818816
12841764
11395914
13114064
11043120
11862231
12587181
11500629
11952339
11950977
12517555
11531071
12552142
12857058
11072641
12487870
11661296
11507416
12228880
11909180
12026266
12002839
12111152
12160934
12113399
11729265
12630462
11565114
11828267
12282786
12620824
11636964
12643903
11152507
12725052
11281742
12328779
11853569
12638193
11181408
12170972
12150919
11965461
11877541
12224768
12045543
12913538
11797114
11115477
12438093
11785913
11888360
12107962
12907333
11427843
11828614
11843728
12702081
11384670
12016183
12005271
12144047
12046712
11983647
12009334
12288582
11804673
12398275
11533744
13142633
11041964
11890402
12309577
12108904
11831240
11882784
12944499
11841588
11423049
12097756
12000105
12288775
12111181
11908300
11736361
12073379
11881882
12217585
12029789
11900485
12034389
12133396
11958798
12833086
11404634
11866337
12186843
11810202
12594290
11541322
12100925
12313569
11872447
12065944
11866964
12200613
11837281
11853626
12046291
12173652
12480664
11421972
12399883
11835915
12087378
12040108
11949180
12475490
11691767
11918252
11848863
12338375
12547375
11645057
11981930
12279846
12104776
11565811
11759412
12619151
11884188
11643267
12565148
12788401
10869257
11908341
12691827
11502713
11949097
12166518
11925150
12226461
11843548
12003804
12266301
11873020
12734875
11729686
12130935
11516078
11942590
12009230
12126931
11821542
12126501
12746439
11457891
12676485
11178731
12208955
11904612
12181388
12257869
12014498
11785916
13197918
10909914
11962035
13093963
10790774
12047808
12165769
12592743
11494374
12045835
11938565
12001662
12091028
11970766
12211528
12009465
12459510
12014684
12917969
10782662
12458923
11333307
12106943
12213287
12134653
11771569
11926672
12060494
12027876
11970618
12072263
11995879
12278122
11883591
12090730
12055512
12205361
12468998
11280666
12439533
11526980
12131493
11999737
13008446
11045245
11988673
12477813
12289291
11612422
13010829
10819136
12360691
12453518
11878918
11290611
12431303
12532542
11360117
11910319
12076971
12277511
11682170
12094602
12017250
12143508
12975732
11006304
11875905
12186520
12060491
12739400
11206009
12116171
12303660
11753258
13071697
10949012
12558690
11721900
11599081
12297612
12267486
11787166
12018218
11905874
12255761
11787425
12120410
11992723
12154933
11777691
12085710
12175062
12017951
12394982
11540749
11964001
12183312
12232363
11715181
12269603
11808689
11993662
13468124
10727377
12439511
11465107
12158983
12320811
11936525
11885951
11951031
13135193
10927985
11983895
13056576
11120082
12075112
12019946
11984324
12233647
12424702
11358179
12561046
11414013
12290446
11794624
12226128
11887659
11990655
12143517
13010569
10956238
11964354
12023307
12307848
11835699
12116624
12344901
11554461
12168514
12528995
12587689
11018914
12783118
11610745
11389923
12844650
12865698
12017785
10665202
12006331
12047843
12367710
12757935
10820361
11981610
12375445
11725670
12089992
12168564
11838359
12020231
12909407
11356138
13096750
10713202
12354378
11779489
12116074
11839722
12277348
11846988
13054116
11241903
11843724
12558078
12547661
10920991
13067346
11207885
11822947
12021998
12016033
12095642
12533111
11956471
12219497
11382759
11961923
12204225
12016173
12224299
12687101
11746794
11665621
12178236
11567102
12008263
12242249
12018011
11971423
12001143
11952570
12141631
12038276
11996359
12097149
12011162
13147674
10904174
13312159
11562842
11098784
12237262
11973061
12108219
12822818
11057102
12143569
12783633
11177578
12148553
12015499
12287245
11685526
12237861
12160650
11740585
12919888
11002714
11969500
11968021
12044633
12324031
11854843
12060135
12314999
11612972
12452777
12231554
11366057
13440909
11772520
11377535
12852508
10752420
12298167
12111189
12865712
10966013
12237282
11575741
12276504
13288302
12265731
10972336
11592243
11887941
12635980
11717994
13034006
10827788
12316380
11952982
12113872
11724441
11829832
12031344
12031344
12031344
12031344
12031344
12111108
12647341
12702550
11673469
11323329
11833199
12035909
12249279
12621317
11813329
11775334
12313839
12045746
11569240
12098634
12592116
11170321
12207338
11936610
11861890
12281862
12575305
12708512
11916912
11005854
11927620
11788331
12030732
11342034